date_time,maxtempC,mintempC,totalSnow_cm,sunHour,uvIndex,moon_illumination,moonrise,moonset,sunrise,sunset,DewPointC,FeelsLikeC,HeatIndexC,WindChillC,WindGustKmph,cloudcover,humidity,precipMM,pressure,tempC,visibility,winddirDegree,windspeedKmph,location
2020-01-01,15,12,0.0,10.0,4,37,12:25 PM,No moonset,08:10 AM,06:12 PM,10,14,14,14,17,32,76,0.0,1028,15,10,145,10,"Portugal,+Ilha+do+Faial"
2020-01-02,15,12,0.0,5.0,3,44,12:54 PM,12:09 AM,08:10 AM,06:12 PM,7,13,13,13,19,96,68,0.0,1028,15,10,180,10,"Portugal,+Ilha+do+Faial"
2020-01-03,14,10,0.0,10.0,3,51,01:22 PM,01:03 AM,08:10 AM,06:13 PM,7,11,12,11,24,36,72,0.0,1031,14,10,140,13,"Portugal,+Ilha+do+Faial"
2020-01-04,13,5,0.0,10.0,4,59,01:51 PM,01:57 AM,08:10 AM,06:14 PM,9,10,12,10,24,45,82,0.1,1031,13,10,88,13,"Portugal,+Ilha+do+Faial"
2020-01-05,13,7,0.0,10.1,3,66,02:21 PM,02:52 AM,08:10 AM,06:15 PM,8,10,11,10,14,36,79,0.1,1029,13,10,75,8,"Portugal,+Ilha+do+Faial"
2020-01-06,13,10,0.0,10.1,3,73,02:55 PM,03:49 AM,08:10 AM,06:16 PM,9,11,12,11,21,36,78,0.2,1029,13,10,59,13,"Portugal,+Ilha+do+Faial"
2020-01-07,13,6,0.0,8.3,3,80,03:34 PM,04:48 AM,08:10 AM,06:16 PM,10,11,12,11,20,40,78,0.2,1030,13,10,55,14,"Portugal,+Ilha+do+Faial"
2020-01-08,14,7,0.0,10.1,4,88,04:18 PM,05:49 AM,08:10 AM,06:17 PM,9,11,13,11,14,5,76,0.0,1031,14,10,29,10,"Portugal,+Ilha+do+Faial"
2020-01-09,14,8,0.0,10.0,3,95,05:11 PM,06:51 AM,08:11 AM,06:18 PM,9,11,12,11,21,24,79,0.0,1031,14,10,174,12,"Portugal,+Ilha+do+Faial"
2020-01-10,13,8,0.0,10.0,3,100,06:10 PM,07:52 AM,08:10 AM,06:19 PM,9,10,12,10,25,44,83,0.4,1030,13,10,69,13,"Portugal,+Ilha+do+Faial"
2020-01-11,12,5,0.0,10.1,4,100,07:15 PM,08:48 AM,08:10 AM,06:20 PM,8,9,11,9,19,18,79,0.0,1029,12,10,28,12,"Portugal,+Ilha+do+Faial"
2020-01-12,12,4,0.0,10.1,4,83,08:23 PM,09:40 AM,08:10 AM,06:21 PM,9,9,11,9,19,32,79,0.0,1027,12,10,55,13,"Portugal,+Ilha+do+Faial"
2020-01-13,13,6,0.0,10.1,4,76,09:32 PM,10:25 AM,08:10 AM,06:21 PM,8,11,12,11,11,33,74,0.0,1025,13,10,137,7,"Portugal,+Ilha+do+Faial"
2020-01-14,14,8,0.0,10.1,4,69,10:40 PM,11:06 AM,08:10 AM,06:22 PM,7,10,11,10,20,18,75,0.1,1019,14,10,209,10,"Portugal,+Ilha+do+Faial"
2020-01-15,14,11,0.0,10.1,3,61,11:47 PM,11:44 AM,08:10 AM,06:23 PM,9,11,13,11,25,30,80,0.3,1020,14,10,232,14,"Portugal,+Ilha+do+Faial"
2020-01-16,15,11,0.0,10.0,3,54,No moonrise,12:18 PM,08:10 AM,06:24 PM,11,12,13,12,23,59,81,0.6,1023,15,10,243,13,"Portugal,+Ilha+do+Faial"
2020-01-17,15,7,0.0,10.2,4,47,12:53 AM,12:53 PM,08:09 AM,06:25 PM,10,13,13,13,9,13,77,0.0,1029,15,10,179,5,"Portugal,+Ilha+do+Faial"
2020-01-18,15,11,0.0,10.2,4,40,01:57 AM,01:29 PM,08:09 AM,06:26 PM,6,13,13,13,9,2,60,0.0,1031,15,10,148,5,"Portugal,+Ilha+do+Faial"
2020-01-19,15,11,0.0,10.2,4,32,03:02 AM,02:06 PM,08:09 AM,06:27 PM,6,12,12,12,17,9,67,0.1,1028,15,10,49,8,"Portugal,+Ilha+do+Faial"
2020-01-20,12,8,0.0,10.2,4,25,04:06 AM,02:48 PM,08:09 AM,06:28 PM,6,7,10,7,38,5,75,0.0,1022,12,10,24,20,"Portugal,+Ilha+do+Faial"
2020-01-21,10,3,0.0,5.1,2,18,05:09 AM,03:34 PM,08:08 AM,06:29 PM,4,5,8,5,33,73,74,2.5,1018,10,10,19,17,"Portugal,+Ilha+do+Faial"
2020-01-22,11,8,0.0,6.7,2,11,06:09 AM,04:23 PM,08:08 AM,06:30 PM,5,8,9,8,21,66,74,4.1,1018,11,9,283,11,"Portugal,+Ilha+do+Faial"
2020-01-23,12,6,0.0,8.4,3,3,07:05 AM,05:18 PM,08:07 AM,06:31 PM,7,8,10,8,22,56,76,2.5,1017,12,10,324,12,"Portugal,+Ilha+do+Faial"
2020-01-24,11,9,0.0,8.4,2,0,07:55 AM,06:14 PM,08:07 AM,06:32 PM,7,8,10,8,26,41,79,3.5,1018,11,10,313,14,"Portugal,+Ilha+do+Faial"
2020-01-25,13,6,0.0,10.3,4,0,08:40 AM,07:12 PM,08:07 AM,06:33 PM,8,10,11,10,14,21,76,0.0,1022,13,10,315,8,"Portugal,+Ilha+do+Faial"
2020-01-26,13,10,0.0,8.4,3,4,09:19 AM,08:09 PM,08:06 AM,06:34 PM,8,12,12,12,11,62,77,1.8,1025,13,10,308,6,"Portugal,+Ilha+do+Faial"
2020-01-27,13,9,0.0,10.0,3,11,09:54 AM,09:05 PM,08:06 AM,06:35 PM,7,12,12,12,7,44,74,0.0,1025,13,10,236,4,"Portugal,+Ilha+do+Faial"
2020-01-28,13,11,0.0,10.3,4,18,10:25 AM,10:00 PM,08:05 AM,06:35 PM,8,12,12,12,8,10,77,0.0,1024,13,10,182,4,"Portugal,+Ilha+do+Faial"
2020-01-29,15,11,0.0,10.3,4,26,10:54 AM,10:54 PM,08:05 AM,06:36 PM,7,13,13,13,9,11,69,0.0,1022,15,10,206,5,"Portugal,+Ilha+do+Faial"
2020-01-30,16,12,0.0,10.3,4,33,11:23 AM,11:47 PM,08:04 AM,06:37 PM,4,14,14,14,10,3,50,0.0,1024,16,10,242,5,"Portugal,+Ilha+do+Faial"
2020-01-31,17,13,0.0,6.8,4,37,11:51 AM,No moonset,08:03 AM,06:38 PM,7,15,15,15,9,47,55,0.0,1025,17,10,214,4,"Portugal,+Ilha+do+Faial"
2020-02-01,18,11,0.0,10.4,5,49,12:20 PM,12:41 AM,08:03 AM,06:39 PM,7,16,16,16,15,10,50,0.0,1023,18,10,191,8,"Portugal,+Ilha+do+Faial"
2020-02-02,18,11,0.0,10.4,5,57,12:52 PM,01:36 AM,08:02 AM,06:40 PM,8,16,17,16,15,2,54,0.0,1022,18,10,166,9,"Portugal,+Ilha+do+Faial"
2020-02-03,18,10,0.0,10.0,4,64,01:27 PM,02:33 AM,08:01 AM,06:41 PM,7,16,16,16,15,34,51,0.0,1021,18,10,165,10,"Portugal,+Ilha+do+Faial"
2020-02-04,19,13,0.0,8.4,4,72,02:08 PM,03:32 AM,08:01 AM,06:42 PM,11,18,18,18,19,36,59,0.0,1022,19,10,135,14,"Portugal,+Ilha+do+Faial"
2020-02-05,18,13,0.0,10.4,5,79,02:55 PM,04:32 AM,08:00 AM,06:43 PM,10,16,17,16,19,4,68,0.0,1019,18,10,194,13,"Portugal,+Ilha+do+Faial"
2020-02-06,16,11,0.0,10.9,4,87,03:50 PM,05:33 AM,07:59 AM,06:44 PM,10,13,13,13,20,8,80,0.0,1020,16,10,298,10,"Portugal,+Ilha+do+Faial"
2020-02-07,14,12,0.0,10.1,3,95,04:53 PM,06:31 AM,07:58 AM,06:45 PM,10,12,13,12,14,28,82,1.5,1026,14,10,182,7,"Portugal,+Ilha+do+Faial"
2020-02-08,15,12,0.0,10.9,4,100,06:00 PM,07:26 AM,07:58 AM,06:46 PM,10,13,13,13,15,20,80,0.1,1030,15,10,252,8,"Portugal,+Ilha+do+Faial"
2020-02-09,14,12,0.0,10.9,4,100,07:11 PM,08:15 AM,07:57 AM,06:47 PM,9,12,13,12,21,14,78,0.1,1030,14,10,64,12,"Portugal,+Ilha+do+Faial"
2020-02-10,14,8,0.0,10.9,4,83,08:22 PM,09:00 AM,07:56 AM,06:48 PM,10,11,13,11,18,24,80,0.0,1031,14,10,51,12,"Portugal,+Ilha+do+Faial"
2020-02-11,15,11,0.0,10.1,3,75,09:33 PM,09:40 AM,07:55 AM,06:49 PM,10,13,13,13,13,58,80,0.0,1028,15,10,98,8,"Portugal,+Ilha+do+Faial"
2020-02-12,15,12,0.0,10.1,3,68,10:41 PM,10:17 AM,07:54 AM,06:50 PM,8,13,13,13,10,53,75,0.0,1025,15,10,75,5,"Portugal,+Ilha+do+Faial"
2020-02-13,15,12,0.0,11.0,4,60,11:48 PM,10:53 AM,07:53 AM,06:50 PM,10,13,13,13,16,32,80,0.0,1024,15,10,75,9,"Portugal,+Ilha+do+Faial"
2020-02-14,15,11,0.0,11.0,4,53,No moonrise,11:29 AM,07:52 AM,06:51 PM,11,13,14,13,8,30,80,0.0,1024,15,10,106,5,"Portugal,+Ilha+do+Faial"
2020-02-15,14,12,0.0,11.0,4,45,12:55 AM,12:06 PM,07:51 AM,06:52 PM,10,14,14,14,9,9,79,0.0,1026,14,10,71,6,"Portugal,+Ilha+do+Faial"
2020-02-16,15,10,0.0,11.0,4,38,02:00 AM,12:47 PM,07:50 AM,06:53 PM,10,13,14,13,8,1,77,0.0,1027,15,10,64,5,"Portugal,+Ilha+do+Faial"
2020-02-17,15,12,0.0,11.1,4,30,03:03 AM,01:32 PM,07:49 AM,06:54 PM,11,14,14,14,19,7,78,0.0,1029,15,10,33,12,"Portugal,+Ilha+do+Faial"
2020-02-18,12,10,0.0,5.5,3,22,04:04 AM,02:20 PM,07:48 AM,06:55 PM,9,9,12,9,41,66,85,3.4,1031,12,10,39,21,"Portugal,+Ilha+do+Faial"
2020-02-19,12,6,0.0,11.1,4,15,05:01 AM,03:12 PM,07:47 AM,06:56 PM,8,8,11,8,29,21,80,0.1,1028,12,10,38,18,"Portugal,+Ilha+do+Faial"
2020-02-20,13,7,0.0,11.1,4,7,05:52 AM,04:07 PM,07:46 AM,06:57 PM,7,9,11,9,29,26,76,0.5,1025,13,10,204,18,"Portugal,+Ilha+do+Faial"
2020-02-21,11,4,0.0,5.6,2,0,06:38 AM,05:04 PM,07:45 AM,06:58 PM,7,8,10,8,23,78,78,20.8,1020,11,9,247,15,"Portugal,+Ilha+do+Faial"
2020-02-22,15,9,0.0,5.6,3,0,07:18 AM,06:01 PM,07:44 AM,06:58 PM,12,12,14,12,36,78,80,10.4,1021,15,10,75,22,"Portugal,+Ilha+do+Faial"
2020-02-23,16,9,0.0,11.2,4,0,07:54 AM,06:57 PM,07:43 AM,06:59 PM,12,13,14,13,32,13,78,0.0,1023,16,10,47,22,"Portugal,+Ilha+do+Faial"
2020-02-24,18,12,0.0,11.6,5,0,08:26 AM,07:53 PM,07:42 AM,07:00 PM,10,16,17,16,27,5,62,0.0,1023,18,10,72,17,"Portugal,+Ilha+do+Faial"
2020-02-25,19,14,0.0,11.6,5,8,08:56 AM,08:47 PM,07:41 AM,07:01 PM,11,17,17,17,20,10,66,0.0,1027,19,10,66,12,"Portugal,+Ilha+do+Faial"
2020-02-26,15,12,0.0,11.6,4,15,09:24 AM,09:40 PM,07:40 AM,07:02 PM,8,13,14,13,25,2,68,0.0,1025,15,10,63,14,"Portugal,+Ilha+do+Faial"
2020-02-27,14,10,0.0,11.6,4,23,09:52 AM,10:34 PM,07:39 AM,07:03 PM,10,12,13,12,18,28,81,0.0,1022,14,10,79,11,"Portugal,+Ilha+do+Faial"
2020-02-28,15,13,0.0,11.6,4,30,10:20 AM,11:28 PM,07:37 AM,07:03 PM,11,14,15,14,10,17,79,0.0,1021,15,10,72,7,"Portugal,+Ilha+do+Faial"
2020-02-29,15,11,0.0,11.6,4,38,10:51 AM,No moonset,07:36 AM,07:04 PM,10,13,13,13,10,9,78,0.0,1023,15,10,287,5,"Portugal,+Ilha+do+Faial"
2020-03-01,16,12,0.0,11.6,4,44,11:24 AM,12:23 AM,07:35 AM,07:05 PM,11,14,14,14,12,17,84,0.0,1023,16,10,290,6,"Portugal,+Ilha+do+Faial"
2020-03-02,16,12,0.0,11.6,4,51,12:01 PM,01:20 AM,07:34 AM,07:06 PM,10,13,13,13,17,6,82,0.0,1024,16,10,238,9,"Portugal,+Ilha+do+Faial"
2020-03-03,16,13,0.0,11.6,4,58,12:44 PM,02:18 AM,07:33 AM,07:07 PM,10,14,14,14,9,4,78,0.0,1026,16,10,216,5,"Portugal,+Ilha+do+Faial"
2020-03-04,16,12,0.0,11.6,5,65,01:35 PM,03:18 AM,07:31 AM,07:07 PM,13,15,15,15,7,11,84,0.0,1025,16,10,81,4,"Portugal,+Ilha+do+Faial"
2020-03-05,14,11,0.0,5.9,3,73,02:31 PM,04:15 AM,07:30 AM,07:08 PM,10,12,13,12,26,50,82,0.8,1025,14,9,192,14,"Portugal,+Ilha+do+Faial"
2020-03-06,12,10,0.0,10.2,3,80,03:36 PM,05:11 AM,07:29 AM,07:09 PM,8,9,11,9,36,32,77,0.2,1028,12,10,35,20,"Portugal,+Ilha+do+Faial"
2020-03-07,14,8,0.0,11.6,4,87,04:45 PM,06:02 AM,07:28 AM,07:10 PM,8,9,12,9,29,21,78,0.0,1025,14,10,50,16,"Portugal,+Ilha+do+Faial"
2020-03-08,15,9,0.0,8.8,3,95,05:56 PM,06:48 AM,07:26 AM,07:11 PM,10,13,14,13,28,40,73,0.0,1025,15,10,48,19,"Portugal,+Ilha+do+Faial"
2020-03-09,16,9,0.0,11.6,4,100,07:08 PM,07:31 AM,07:25 AM,07:11 PM,9,11,13,11,30,0,71,0.0,1027,16,10,65,17,"Portugal,+Ilha+do+Faial"
2020-03-10,17,11,0.0,11.6,5,100,08:19 PM,08:09 AM,07:24 AM,07:12 PM,11,15,16,15,18,5,72,0.0,1024,17,10,76,12,"Portugal,+Ilha+do+Faial"
2020-03-11,17,13,0.0,11.6,4,84,09:30 PM,08:47 AM,07:23 AM,07:13 PM,10,15,16,15,12,46,67,0.0,1021,17,10,68,9,"Portugal,+Ilha+do+Faial"
2020-03-12,16,10,0.0,11.6,4,76,10:39 PM,09:24 AM,07:21 AM,07:14 PM,12,14,15,14,17,24,79,0.0,1021,16,10,42,11,"Portugal,+Ilha+do+Faial"
2020-03-13,15,4,0.0,6.0,3,69,11:48 PM,10:02 AM,07:20 AM,07:14 PM,11,11,13,11,28,71,84,1.8,1023,15,10,32,19,"Portugal,+Ilha+do+Faial"
2020-03-14,13,7,0.0,6.0,3,62,No moonrise,10:43 AM,07:19 AM,07:15 PM,8,9,11,9,24,74,79,1.1,1022,13,10,23,16,"Portugal,+Ilha+do+Faial"
2020-03-15,13,11,0.0,6.0,3,55,12:54 AM,11:28 AM,07:17 AM,07:16 PM,8,10,12,10,25,82,76,1.4,1022,13,10,138,16,"Portugal,+Ilha+do+Faial"
2020-03-16,11,9,0.0,8.8,3,47,01:58 AM,12:16 PM,07:16 AM,07:17 PM,6,7,10,7,38,58,77,1.1,1024,11,10,23,20,"Portugal,+Ilha+do+Faial"
2020-03-17,12,8,0.0,11.6,3,40,02:57 AM,01:08 PM,07:15 AM,07:17 PM,5,7,10,7,35,32,75,0.2,1024,12,10,58,18,"Portugal,+Ilha+do+Faial"
2020-03-18,12,7,0.0,7.4,3,33,03:51 AM,02:03 PM,07:13 AM,07:18 PM,7,8,11,8,33,62,75,1.7,1021,12,10,309,20,"Portugal,+Ilha+do+Faial"
2020-03-19,14,9,0.0,8.8,3,25,04:38 AM,02:59 PM,07:12 AM,07:19 PM,10,11,13,11,32,59,82,4.1,1020,14,10,179,19,"Portugal,+Ilha+do+Faial"
2020-03-20,12,9,0.0,11.6,3,18,05:19 AM,03:56 PM,07:11 AM,07:19 PM,6,8,10,8,30,14,73,0.1,1021,12,10,335,17,"Portugal,+Ilha+do+Faial"
2020-03-21,11,8,0.0,11.6,3,11,05:56 AM,04:52 PM,07:09 AM,07:20 PM,4,7,9,7,23,6,72,0.0,1022,11,10,332,12,"Portugal,+Ilha+do+Faial"
2020-03-22,11,4,0.0,7.4,3,4,06:28 AM,05:47 PM,07:08 AM,07:21 PM,6,7,9,7,39,56,77,4.2,1015,11,10,316,23,"Portugal,+Ilha+do+Faial"
2020-03-23,13,9,0.0,6.1,3,0,06:59 AM,06:41 PM,07:07 AM,07:22 PM,9,9,11,9,32,79,81,9.3,1015,13,10,141,20,"Portugal,+Ilha+do+Faial"
2020-03-24,13,8,0.0,8.8,3,0,07:27 AM,07:35 PM,07:06 AM,07:22 PM,9,10,12,10,21,60,77,1.5,1017,13,9,343,14,"Portugal,+Ilha+do+Faial"
2020-03-25,12,10,0.0,10.2,3,3,07:55 AM,08:28 PM,07:04 AM,07:23 PM,8,10,11,10,20,43,78,0.2,1018,12,10,79,12,"Portugal,+Ilha+do+Faial"
2020-03-26,13,3,0.0,6.1,3,11,08:23 AM,09:23 PM,07:03 AM,07:24 PM,8,9,11,9,16,73,79,0.6,1017,13,10,90,10,"Portugal,+Ilha+do+Faial"
2020-03-27,11,4,0.0,8.9,3,18,08:52 AM,10:18 PM,07:02 AM,07:25 PM,7,9,10,9,10,70,79,4.4,1014,11,8,221,5,"Portugal,+Ilha+do+Faial"
2020-03-28,13,6,0.0,11.6,3,25,09:25 AM,11:14 PM,07:00 AM,07:25 PM,7,11,11,11,7,30,74,0.5,1016,13,10,176,4,"Portugal,+Ilha+do+Faial"
2020-03-29,14,8,0.0,7.7,3,32,10:00 AM,No moonset,06:59 AM,07:26 PM,9,10,12,10,24,61,82,0.5,1016,14,10,213,13,"Portugal,+Ilha+do+Faial"
2020-03-30,15,11,0.0,7.7,3,40,10:40 AM,12:11 AM,06:58 AM,07:27 PM,9,12,13,12,27,70,77,1.4,1012,15,10,274,15,"Portugal,+Ilha+do+Faial"
2020-03-31,13,11,0.0,11.6,4,44,11:26 AM,01:09 AM,06:56 AM,07:27 PM,8,10,12,10,32,16,77,0.0,1011,13,10,311,17,"Portugal,+Ilha+do+Faial"
2020-04-01,12,9,0.0,11.6,4,56,12:19 PM,02:06 AM,06:55 AM,07:28 PM,5,10,10,10,12,16,70,0.0,1017,12,10,257,6,"Portugal,+Ilha+do+Faial"
2020-04-02,13,8,0.0,7.7,3,64,01:18 PM,03:01 AM,06:54 AM,07:29 PM,8,10,11,10,15,68,78,0.0,1017,13,10,132,8,"Portugal,+Ilha+do+Faial"
2020-04-03,15,6,0.0,6.4,3,71,02:23 PM,03:52 AM,06:52 AM,07:30 PM,12,11,13,11,36,83,90,28.0,1010,15,6,183,21,"Portugal,+Ilha+do+Faial"
2020-04-04,16,11,0.0,7.7,3,79,03:32 PM,04:38 AM,06:51 AM,07:30 PM,12,13,14,13,26,73,84,4.8,1008,16,9,247,13,"Portugal,+Ilha+do+Faial"
2020-04-05,17,12,0.0,10.3,4,87,04:41 PM,05:22 AM,06:50 AM,07:31 PM,13,14,15,14,20,55,84,1.5,1015,17,10,260,10,"Portugal,+Ilha+do+Faial"
2020-04-06,18,14,0.0,7.7,4,94,05:52 PM,06:01 AM,06:48 AM,07:32 PM,13,16,16,16,8,47,84,0.4,1020,18,10,255,4,"Portugal,+Ilha+do+Faial"
2020-04-07,18,13,0.0,11.6,5,100,07:03 PM,06:38 AM,06:47 AM,07:32 PM,13,17,17,17,10,21,74,0.0,1021,18,10,223,6,"Portugal,+Ilha+do+Faial"
2020-04-08,17,14,0.0,9.0,4,100,08:14 PM,07:16 AM,06:46 AM,07:33 PM,14,16,16,16,8,46,84,0.5,1020,17,10,254,5,"Portugal,+Ilha+do+Faial"
2020-04-09,17,13,0.0,11.6,4,83,09:26 PM,07:54 AM,06:45 AM,07:34 PM,14,16,17,16,8,42,85,0.3,1020,17,10,205,5,"Portugal,+Ilha+do+Faial"
2020-04-10,17,12,0.0,11.6,5,76,10:36 PM,08:34 AM,06:43 AM,07:35 PM,12,15,15,15,14,26,77,0.0,1022,17,10,45,8,"Portugal,+Ilha+do+Faial"
2020-04-11,14,6,0.0,7.7,3,68,11:44 PM,09:18 AM,06:42 AM,07:35 PM,11,12,13,12,20,64,85,1.1,1023,14,8,38,12,"Portugal,+Ilha+do+Faial"
2020-04-12,13,6,0.0,6.5,3,61,No moonrise,10:06 AM,06:41 AM,07:36 PM,8,10,12,10,24,78,78,3.3,1021,13,10,166,14,"Portugal,+Ilha+do+Faial"
2020-04-13,14,11,0.0,9.0,3,53,12:47 AM,10:59 AM,06:40 AM,07:37 PM,9,11,12,11,20,64,78,3.5,1016,14,10,335,11,"Portugal,+Ilha+do+Faial"
2020-04-14,12,10,0.0,10.3,3,46,01:45 AM,11:55 AM,06:38 AM,07:37 PM,7,9,11,9,40,51,76,1.0,1009,12,10,296,21,"Portugal,+Ilha+do+Faial"
2020-04-15,14,8,0.0,10.3,3,38,02:36 AM,12:52 PM,06:37 AM,07:38 PM,7,9,11,9,32,34,76,3.9,1010,14,10,263,17,"Portugal,+Ilha+do+Faial"
2020-04-16,14,10,0.0,9.1,3,30,03:20 AM,01:50 PM,06:36 AM,07:39 PM,7,10,12,10,29,39,73,0.7,1013,14,10,271,16,"Portugal,+Ilha+do+Faial"
2020-04-17,14,10,0.0,10.3,3,23,03:58 AM,02:46 PM,06:35 AM,07:40 PM,9,11,12,11,22,63,77,4.7,1014,14,10,280,12,"Portugal,+Ilha+do+Faial"
2020-04-18,14,11,0.0,6.5,3,15,04:32 AM,03:42 PM,06:34 AM,07:40 PM,9,12,13,12,13,76,78,3.3,1016,14,10,167,8,"Portugal,+Ilha+do+Faial"
2020-04-19,13,11,0.0,10.3,3,8,05:02 AM,04:36 PM,06:32 AM,07:41 PM,8,11,12,11,17,35,78,0.3,1020,13,10,333,10,"Portugal,+Ilha+do+Faial"
2020-04-20,15,8,0.0,10.3,3,0,05:31 AM,05:30 PM,06:31 AM,07:42 PM,8,11,12,11,25,21,74,0.1,1023,15,10,322,13,"Portugal,+Ilha+do+Faial"
2020-04-21,12,8,0.0,11.6,3,0,05:59 AM,06:23 PM,06:30 AM,07:42 PM,5,9,10,9,20,20,68,0.0,1023,12,10,312,10,"Portugal,+Ilha+do+Faial"
2020-04-22,12,7,0.0,11.6,4,0,06:26 AM,07:18 PM,06:29 AM,07:43 PM,6,8,10,8,20,31,74,0.0,1021,12,10,69,11,"Portugal,+Ilha+do+Faial"
2020-04-23,13,8,0.0,7.8,3,0,06:55 AM,08:13 PM,06:28 AM,07:44 PM,8,10,12,10,16,52,77,0.7,1018,13,10,16,10,"Portugal,+Ilha+do+Faial"
2020-04-24,14,8,0.0,10.3,3,7,07:26 AM,09:09 PM,06:27 AM,07:45 PM,9,11,12,11,18,46,78,1.2,1018,14,10,222,12,"Portugal,+Ilha+do+Faial"
2020-04-25,14,8,0.0,11.6,4,15,08:00 AM,10:06 PM,06:26 AM,07:45 PM,7,11,12,11,16,28,73,0.1,1019,14,10,329,9,"Portugal,+Ilha+do+Faial"
2020-04-26,15,12,0.0,6.6,3,22,08:39 AM,11:04 PM,06:25 AM,07:46 PM,10,13,14,13,19,72,82,3.0,1017,15,10,291,10,"Portugal,+Ilha+do+Faial"
2020-04-27,14,10,0.0,10.4,3,30,09:23 AM,No moonset,06:24 AM,07:47 PM,9,11,13,11,24,50,81,1.1,1017,14,10,301,13,"Portugal,+Ilha+do+Faial"
2020-04-28,14,12,0.0,9.1,3,37,10:13 AM,12:02 AM,06:23 AM,07:48 PM,10,12,13,12,14,36,82,0.4,1020,14,10,156,8,"Portugal,+Ilha+do+Faial"
2020-04-29,16,12,0.0,11.6,4,45,11:09 AM,12:56 AM,06:22 AM,07:48 PM,9,14,14,14,5,7,74,0.0,1024,16,10,233,3,"Portugal,+Ilha+do+Faial"
2020-04-30,17,12,0.0,11.6,4,52,12:10 PM,01:48 AM,06:21 AM,07:49 PM,10,14,14,14,9,3,76,0.0,1024,17,10,300,5,"Portugal,+Ilha+do+Faial"
2020-05-01,17,10,0.0,11.6,5,58,01:16 PM,02:34 AM,06:20 AM,07:50 PM,12,15,15,15,5,9,76,0.0,1023,17,10,197,3,"Portugal,+Ilha+do+Faial"
2020-05-02,19,16,0.0,11.6,5,65,02:22 PM,03:17 AM,06:19 AM,07:50 PM,13,17,18,17,12,0,75,0.0,1019,19,10,135,8,"Portugal,+Ilha+do+Faial"
2020-05-03,20,16,0.0,11.6,5,72,03:31 PM,03:56 AM,06:18 AM,07:51 PM,13,18,18,18,12,24,73,0.5,1011,20,9,220,10,"Portugal,+Ilha+do+Faial"
2020-05-04,17,12,0.0,11.6,4,80,04:40 PM,04:33 AM,06:17 AM,07:52 PM,11,15,16,15,18,35,70,0.9,1013,17,10,259,13,"Portugal,+Ilha+do+Faial"
2020-05-05,17,11,0.0,6.7,4,87,05:50 PM,05:09 AM,06:16 AM,07:53 PM,11,15,15,15,11,74,76,1.0,1017,17,10,279,8,"Portugal,+Ilha+do+Faial"
2020-05-06,15,7,0.0,7.9,3,94,07:00 PM,05:46 AM,06:15 AM,07:53 PM,12,13,14,13,7,56,81,0.9,1018,15,9,161,4,"Portugal,+Ilha+do+Faial"
2020-05-07,17,7,0.0,9.2,4,100,08:11 PM,06:24 AM,06:14 AM,07:54 PM,13,14,15,14,6,68,81,1.9,1017,17,10,88,5,"Portugal,+Ilha+do+Faial"
2020-05-08,16,11,0.0,11.6,4,100,09:22 PM,07:06 AM,06:13 AM,07:55 PM,10,14,14,14,8,5,75,0.0,1019,16,10,269,4,"Portugal,+Ilha+do+Faial"
2020-05-09,15,13,0.0,9.2,3,84,10:30 PM,07:53 AM,06:13 AM,07:55 PM,11,14,14,14,27,45,79,0.7,1019,15,10,314,15,"Portugal,+Ilha+do+Faial"
2020-05-10,17,12,0.0,11.6,4,77,11:33 PM,08:45 AM,06:12 AM,07:56 PM,10,14,15,14,20,22,74,0.1,1019,17,10,324,11,"Portugal,+Ilha+do+Faial"
2020-05-11,15,12,0.0,11.6,3,70,No moonrise,09:41 AM,06:11 AM,07:57 PM,9,12,13,12,33,26,78,0.2,1017,15,10,303,18,"Portugal,+Ilha+do+Faial"
2020-05-12,16,13,0.0,8.0,3,62,12:28 AM,10:40 AM,06:10 AM,07:58 PM,10,13,14,13,40,73,79,1.6,1015,16,10,309,23,"Portugal,+Ilha+do+Faial"
2020-05-13,14,11,0.0,9.2,3,55,01:16 AM,11:39 AM,06:10 AM,07:58 PM,8,10,13,10,43,58,73,2.1,1015,14,10,307,24,"Portugal,+Ilha+do+Faial"
2020-05-14,12,8,0.0,8.0,3,48,01:57 AM,12:37 PM,06:09 AM,07:59 PM,7,8,11,8,47,57,76,1.3,1016,12,10,314,25,"Portugal,+Ilha+do+Faial"
2020-05-15,15,11,0.0,10.4,3,40,02:33 AM,01:35 PM,06:08 AM,08:00 PM,9,11,13,11,30,46,75,0.9,1020,15,10,341,16,"Portugal,+Ilha+do+Faial"
2020-05-16,14,9,0.0,11.6,4,33,03:05 AM,02:29 PM,06:07 AM,08:00 PM,8,11,13,11,18,15,73,0.0,1023,14,10,282,13,"Portugal,+Ilha+do+Faial"
2020-05-17,14,7,0.0,11.6,4,26,03:34 AM,03:24 PM,06:07 AM,08:01 PM,10,12,13,12,16,23,74,0.0,1023,14,10,15,12,"Portugal,+Ilha+do+Faial"
2020-05-18,16,9,0.0,10.4,3,19,04:02 AM,04:17 PM,06:06 AM,08:02 PM,12,13,14,13,15,42,80,0.2,1023,16,10,29,12,"Portugal,+Ilha+do+Faial"
2020-05-19,18,12,0.0,11.6,5,11,04:29 AM,05:11 PM,06:06 AM,08:02 PM,13,16,17,16,12,5,77,0.0,1021,18,10,40,10,"Portugal,+Ilha+do+Faial"
2020-05-20,21,15,0.0,11.6,5,4,04:58 AM,06:06 PM,06:05 AM,08:03 PM,13,18,19,18,11,1,71,0.0,1021,21,10,181,10,"Portugal,+Ilha+do+Faial"
2020-05-21,22,16,0.0,11.6,5,0,05:28 AM,07:02 PM,06:04 AM,08:04 PM,11,19,20,19,11,0,59,0.0,1023,22,10,41,9,"Portugal,+Ilha+do+Faial"
2020-05-22,22,16,0.0,11.6,6,0,06:01 AM,08:00 PM,06:04 AM,08:04 PM,14,19,20,19,14,0,69,0.0,1023,22,10,16,12,"Portugal,+Ilha+do+Faial"
2020-05-23,25,20,0.0,11.6,6,3,06:38 AM,08:58 PM,06:03 AM,08:05 PM,16,23,23,22,17,7,69,0.0,1024,25,10,21,15,"Portugal,+Ilha+do+Faial"
2020-05-24,22,18,0.0,11.6,6,10,07:21 AM,09:57 PM,06:03 AM,08:06 PM,14,20,22,20,20,21,64,0.0,1022,22,10,23,16,"Portugal,+Ilha+do+Faial"
2020-05-25,22,18,0.0,11.6,6,17,08:09 AM,10:53 PM,06:03 AM,08:06 PM,12,21,23,21,20,2,56,0.0,1022,22,10,31,13,"Portugal,+Ilha+do+Faial"
2020-05-26,22,17,0.0,11.6,6,25,09:04 AM,11:46 PM,06:02 AM,08:07 PM,12,21,22,21,15,0,58,0.0,1021,22,10,30,9,"Portugal,+Ilha+do+Faial"
2020-05-27,20,19,0.0,11.6,5,32,10:04 AM,No moonset,06:02 AM,08:08 PM,12,20,20,20,10,26,61,0.0,1019,20,10,173,6,"Portugal,+Ilha+do+Faial"
2020-05-28,21,19,0.0,11.6,5,39,11:08 AM,12:34 AM,06:01 AM,08:08 PM,11,20,20,20,11,25,57,0.0,1018,21,10,100,7,"Portugal,+Ilha+do+Faial"
2020-05-29,21,18,0.0,11.6,5,47,12:13 PM,01:17 AM,06:01 AM,08:09 PM,14,19,19,19,14,13,71,0.0,1017,21,10,167,9,"Portugal,+Ilha+do+Faial"
2020-05-30,19,15,0.0,10.5,4,54,01:19 PM,01:56 AM,06:01 AM,08:09 PM,16,18,18,18,13,52,84,0.1,1014,19,10,140,10,"Portugal,+Ilha+do+Faial"
2020-05-31,16,15,0.0,8.8,4,58,02:25 PM,02:32 AM,06:00 AM,08:10 PM,14,16,16,16,10,77,87,0.6,1014,16,9,17,6,"Portugal,+Ilha+do+Faial"
2020-06-01,17,13,0.0,13.4,4,71,03:32 PM,03:07 AM,06:00 AM,08:11 PM,11,15,15,15,11,42,77,0.7,1013,17,10,193,6,"Portugal,+Ilha+do+Faial"
2020-06-02,17,13,0.0,8.8,4,79,04:40 PM,03:42 AM,06:00 AM,08:11 PM,14,16,16,16,28,69,86,20.7,1011,17,9,225,16,"Portugal,+Ilha+do+Faial"
2020-06-03,17,15,0.0,8.8,4,86,05:49 PM,04:18 AM,06:00 AM,08:12 PM,12,16,16,16,11,80,78,3.9,1011,17,9,244,7,"Portugal,+Ilha+do+Faial"
2020-06-04,18,14,0.0,9.1,4,94,06:59 PM,04:57 AM,05:59 AM,08:12 PM,12,15,16,15,22,74,78,4.2,1011,18,9,222,12,"Portugal,+Ilha+do+Faial"
2020-06-05,18,14,0.0,9.1,4,100,08:08 PM,05:41 AM,05:59 AM,08:13 PM,13,16,16,16,20,78,82,12.9,1013,18,9,172,11,"Portugal,+Ilha+do+Faial"
2020-06-06,18,14,0.0,9.1,4,100,09:15 PM,06:30 AM,05:59 AM,08:13 PM,13,16,16,16,18,74,81,14.1,1011,18,9,243,10,"Portugal,+Ilha+do+Faial"
2020-06-07,17,14,0.0,11.3,4,84,10:14 PM,07:25 AM,05:59 AM,08:14 PM,13,15,15,15,21,62,85,2.3,1016,17,10,329,11,"Portugal,+Ilha+do+Faial"
2020-06-08,16,12,0.0,13.4,3,76,11:07 PM,08:23 AM,05:59 AM,08:14 PM,11,14,14,14,21,40,79,0.2,1020,16,10,13,11,"Portugal,+Ilha+do+Faial"
2020-06-09,15,9,0.0,11.3,3,69,11:53 PM,09:24 AM,05:59 AM,08:15 PM,11,13,14,13,23,55,81,1.0,1022,15,10,30,14,"Portugal,+Ilha+do+Faial"
2020-06-10,15,10,0.0,11.3,3,61,No moonrise,10:24 AM,05:59 AM,08:15 PM,10,13,14,13,19,56,78,0.4,1022,15,10,17,11,"Portugal,+Ilha+do+Faial"
2020-06-11,15,11,0.0,14.5,4,54,12:31 AM,11:23 AM,05:59 AM,08:16 PM,8,13,13,13,12,21,74,0.0,1020,15,10,139,6,"Portugal,+Ilha+do+Faial"
2020-06-12,16,12,0.0,12.3,3,46,01:05 AM,12:20 PM,05:59 AM,08:16 PM,11,14,14,14,16,48,83,1.8,1017,16,10,305,8,"Portugal,+Ilha+do+Faial"
2020-06-13,17,14,0.0,9.1,4,38,01:36 AM,01:15 PM,05:59 AM,08:16 PM,12,15,15,15,9,78,83,2.8,1017,17,9,236,5,"Portugal,+Ilha+do+Faial"
2020-06-14,19,14,0.0,14.5,5,31,02:04 AM,02:09 PM,05:59 AM,08:17 PM,12,16,16,16,10,33,79,0.2,1021,19,10,211,6,"Portugal,+Ilha+do+Faial"
2020-06-15,19,13,0.0,12.3,4,23,02:31 AM,03:03 PM,05:59 AM,08:17 PM,13,16,17,16,11,39,78,0.2,1024,19,10,120,7,"Portugal,+Ilha+do+Faial"
2020-06-16,19,12,0.0,12.3,4,16,02:59 AM,03:57 PM,05:59 AM,08:17 PM,14,16,16,16,9,41,83,0.4,1023,19,10,145,5,"Portugal,+Ilha+do+Faial"
2020-06-17,17,10,0.0,9.1,4,8,03:29 AM,04:53 PM,05:59 AM,08:18 PM,14,15,16,15,10,73,88,8.3,1020,17,9,161,6,"Portugal,+Ilha+do+Faial"
2020-06-18,19,13,0.0,13.4,4,1,04:00 AM,05:50 PM,05:59 AM,08:18 PM,12,16,16,16,12,41,77,6.0,1018,19,10,144,7,"Portugal,+Ilha+do+Faial"
2020-06-19,18,12,0.0,11.1,4,0,04:35 AM,06:49 PM,06:00 AM,08:18 PM,14,15,16,15,15,48,85,1.1,1023,18,10,36,9,"Portugal,+Ilha+do+Faial"
2020-06-20,20,14,0.0,14.2,5,0,05:17 AM,07:48 PM,06:00 AM,08:18 PM,15,17,18,17,16,25,81,0.3,1025,20,10,21,12,"Portugal,+Ilha+do+Faial"
2020-06-21,24,16,0.0,14.2,6,0,06:03 AM,08:46 PM,06:00 AM,08:19 PM,16,19,20,19,19,11,81,0.0,1026,24,10,22,14,"Portugal,+Ilha+do+Faial"
2020-06-22,23,14,0.0,14.2,6,7,06:57 AM,09:42 PM,06:00 AM,08:19 PM,17,19,21,19,14,17,81,0.0,1022,23,10,56,12,"Portugal,+Ilha+do+Faial"
2020-06-23,21,16,0.0,13.4,5,14,07:56 AM,10:32 PM,06:00 AM,08:19 PM,17,19,20,19,13,29,80,0.1,1020,21,10,166,11,"Portugal,+Ilha+do+Faial"
2020-06-24,19,14,0.0,11.6,5,22,09:00 AM,11:17 PM,06:01 AM,08:19 PM,14,17,17,17,17,8,78,0.0,1021,19,10,163,12,"Portugal,+Ilha+do+Faial"
2020-06-25,19,11,0.0,11.6,5,29,10:06 AM,11:58 PM,06:01 AM,08:19 PM,15,17,18,17,16,15,78,0.1,1022,19,10,28,11,"Portugal,+Ilha+do+Faial"
2020-06-26,19,13,0.0,11.6,5,37,11:12 AM,No moonset,06:01 AM,08:19 PM,11,15,15,15,25,8,76,0.0,1023,19,10,20,14,"Portugal,+Ilha+do+Faial"
2020-06-27,21,14,0.0,11.6,5,44,12:17 PM,12:34 AM,06:02 AM,08:19 PM,14,17,18,17,16,34,80,0.1,1022,21,10,30,10,"Portugal,+Ilha+do+Faial"
2020-06-28,22,16,0.0,9.3,4,52,01:23 PM,01:09 AM,06:02 AM,08:19 PM,16,18,19,18,21,46,82,0.3,1022,22,10,16,14,"Portugal,+Ilha+do+Faial"
2020-06-29,21,13,0.0,11.6,4,59,02:29 PM,01:43 AM,06:02 AM,08:19 PM,18,19,20,19,16,34,82,0.2,1021,21,10,56,13,"Portugal,+Ilha+do+Faial"
2020-06-30,21,13,0.0,9.3,4,67,03:36 PM,02:17 AM,06:03 AM,08:19 PM,17,18,19,18,16,46,83,0.7,1018,21,10,33,12,"Portugal,+Ilha+do+Faial"
2020-07-01,20,15,0.0,7.1,4,72,04:43 PM,02:54 AM,06:03 AM,08:19 PM,16,17,18,17,16,56,82,0.4,1019,20,10,34,11,"Portugal,+Ilha+do+Faial"
2020-07-02,21,16,0.0,11.6,5,79,05:51 PM,03:35 AM,06:04 AM,08:19 PM,15,18,19,18,19,14,79,0.0,1021,21,10,23,12,"Portugal,+Ilha+do+Faial"
2020-07-03,19,12,0.0,9.3,4,86,06:58 PM,04:20 AM,06:04 AM,08:19 PM,15,16,17,16,25,38,82,0.5,1023,19,10,29,16,"Portugal,+Ilha+do+Faial"
2020-07-04,19,15,0.0,11.6,4,94,08:00 PM,05:12 AM,06:04 AM,08:19 PM,14,17,18,17,22,21,78,0.1,1023,19,10,22,18,"Portugal,+Ilha+do+Faial"
2020-07-05,20,13,0.0,11.6,5,100,08:56 PM,06:08 AM,06:05 AM,08:19 PM,15,17,18,17,18,10,78,0.0,1020,20,10,14,15,"Portugal,+Ilha+do+Faial"
2020-07-06,23,16,0.0,11.6,6,100,09:45 PM,07:09 AM,06:05 AM,08:19 PM,17,20,20,20,17,1,77,0.0,1017,23,10,12,13,"Portugal,+Ilha+do+Faial"
2020-07-07,27,19,0.0,11.6,6,85,10:27 PM,08:09 AM,06:06 AM,08:19 PM,19,26,26,24,14,5,72,0.0,1016,27,10,13,12,"Portugal,+Ilha+do+Faial"
2020-07-08,23,21,0.0,11.6,6,77,11:03 PM,09:10 AM,06:06 AM,08:18 PM,16,22,24,22,14,0,72,0.0,1019,23,10,14,12,"Portugal,+Ilha+do+Faial"
2020-07-09,21,16,0.0,11.6,5,70,11:36 PM,10:08 AM,06:07 AM,08:18 PM,13,19,20,19,22,0,64,0.0,1021,21,10,11,14,"Portugal,+Ilha+do+Faial"
2020-07-10,21,15,0.0,11.6,6,63,No moonrise,11:05 AM,06:07 AM,08:18 PM,16,19,21,19,19,0,71,0.0,1018,21,10,95,14,"Portugal,+Ilha+do+Faial"
2020-07-11,23,19,0.0,11.6,6,55,12:05 AM,11:59 AM,06:08 AM,08:17 PM,17,21,22,21,19,10,76,0.1,1017,23,10,35,16,"Portugal,+Ilha+do+Faial"
2020-07-12,21,16,0.0,11.6,6,48,12:32 AM,12:53 PM,06:09 AM,08:17 PM,15,20,21,20,18,0,68,0.0,1018,21,10,67,13,"Portugal,+Ilha+do+Faial"
2020-07-13,22,17,0.0,11.6,6,41,01:00 AM,01:47 PM,06:09 AM,08:17 PM,16,20,22,20,15,0,69,0.0,1020,22,10,78,12,"Portugal,+Ilha+do+Faial"
2020-07-14,23,19,0.0,11.6,6,34,01:29 AM,02:42 PM,06:10 AM,08:16 PM,15,21,22,21,19,0,69,0.0,1018,23,10,108,15,"Portugal,+Ilha+do+Faial"
2020-07-15,20,14,0.0,11.6,4,26,01:59 AM,03:38 PM,06:10 AM,08:16 PM,15,18,19,18,24,10,76,0.1,1016,20,10,25,18,"Portugal,+Ilha+do+Faial"
2020-07-16,24,19,0.0,11.6,6,19,02:32 AM,04:36 PM,06:11 AM,08:16 PM,17,21,22,21,9,1,74,0.0,1014,24,10,100,8,"Portugal,+Ilha+do+Faial"
2020-07-17,26,22,0.0,11.6,6,12,03:11 AM,05:35 PM,06:11 AM,08:15 PM,17,25,25,23,6,1,67,0.0,1015,26,10,160,5,"Portugal,+Ilha+do+Faial"
2020-07-18,24,21,0.0,11.6,6,5,03:55 AM,06:34 PM,06:12 AM,08:15 PM,17,25,25,23,6,19,66,0.3,1016,24,10,177,4,"Portugal,+Ilha+do+Faial"
2020-07-19,22,15,0.0,11.6,6,0,04:46 AM,07:31 PM,06:13 AM,08:14 PM,17,20,23,20,13,4,74,0.0,1018,22,10,260,10,"Portugal,+Ilha+do+Faial"
2020-07-20,20,15,0.0,11.6,5,0,05:44 AM,08:24 PM,06:13 AM,08:14 PM,15,19,19,19,18,1,74,0.0,1018,20,10,306,14,"Portugal,+Ilha+do+Faial"
2020-07-21,20,16,0.0,11.6,5,2,06:47 AM,09:13 PM,06:14 AM,08:13 PM,14,18,18,18,21,5,76,0.0,1019,20,10,266,13,"Portugal,+Ilha+do+Faial"
2020-07-22,21,17,0.0,11.6,5,10,07:54 AM,09:56 PM,06:15 AM,08:12 PM,15,18,19,18,16,5,77,0.0,1020,21,10,28,10,"Portugal,+Ilha+do+Faial"
2020-07-23,24,19,0.0,11.6,6,17,09:02 AM,10:35 PM,06:15 AM,08:12 PM,16,22,22,21,16,0,70,0.0,1020,24,10,57,13,"Portugal,+Ilha+do+Faial"
2020-07-24,25,21,0.0,11.6,6,24,10:09 AM,11:11 PM,06:16 AM,08:11 PM,15,23,23,22,18,0,63,0.0,1019,25,10,55,15,"Portugal,+Ilha+do+Faial"
2020-07-25,23,16,0.0,11.6,6,32,11:16 AM,11:45 PM,06:17 AM,08:11 PM,15,20,22,20,17,0,69,0.0,1019,23,10,5,14,"Portugal,+Ilha+do+Faial"
2020-07-26,21,14,0.0,11.6,6,39,12:22 PM,No moonset,06:17 AM,08:10 PM,16,19,20,19,17,0,74,0.0,1019,21,10,55,14,"Portugal,+Ilha+do+Faial"
2020-07-27,20,14,0.0,11.6,5,46,01:28 PM,12:19 AM,06:18 AM,08:09 PM,16,18,19,18,18,1,77,0.0,1019,20,10,26,14,"Portugal,+Ilha+do+Faial"
2020-07-28,24,15,0.0,11.6,6,53,02:34 PM,12:55 AM,06:19 AM,08:09 PM,14,19,20,19,21,0,73,0.0,1021,24,10,16,14,"Portugal,+Ilha+do+Faial"
2020-07-29,21,19,0.0,9.3,4,61,03:41 PM,01:33 AM,06:19 AM,08:08 PM,16,20,20,20,15,34,79,0.3,1018,21,10,141,12,"Portugal,+Ilha+do+Faial"
2020-07-30,21,18,0.0,11.6,5,68,04:47 PM,02:16 AM,06:20 AM,08:07 PM,14,20,20,20,12,1,72,0.0,1016,21,10,172,9,"Portugal,+Ilha+do+Faial"
2020-07-31,23,17,0.0,11.6,6,72,05:49 PM,03:05 AM,06:21 AM,08:06 PM,14,20,21,20,13,0,64,0.0,1018,23,10,74,9,"Portugal,+Ilha+do+Faial"
2020-08-01,27,18,0.0,11.6,6,82,06:47 PM,03:58 AM,06:21 AM,08:05 PM,16,24,24,23,14,0,62,0.0,1020,27,10,20,11,"Portugal,+Ilha+do+Faial"
2020-08-02,24,18,0.0,11.6,5,90,07:38 PM,04:56 AM,06:22 AM,08:05 PM,17,21,22,21,23,10,78,0.1,1022,24,10,26,15,"Portugal,+Ilha+do+Faial"
2020-08-03,24,15,0.0,11.6,5,97,08:22 PM,05:57 AM,06:23 AM,08:04 PM,15,19,20,19,25,3,76,0.0,1022,24,10,21,16,"Portugal,+Ilha+do+Faial"
2020-08-04,21,15,0.0,11.6,4,100,09:00 PM,06:57 AM,06:23 AM,08:03 PM,17,19,20,19,20,30,81,0.2,1019,21,10,17,14,"Portugal,+Ilha+do+Faial"
2020-08-05,23,19,0.0,11.6,6,88,09:34 PM,07:56 AM,06:24 AM,08:02 PM,18,21,23,21,14,24,83,0.0,1016,23,10,95,11,"Portugal,+Ilha+do+Faial"
2020-08-06,20,15,0.0,11.6,5,81,10:05 PM,08:54 AM,06:25 AM,08:01 PM,16,19,20,19,8,40,81,0.0,1017,20,10,105,6,"Portugal,+Ilha+do+Faial"
2020-08-07,21,15,0.0,11.6,5,74,10:33 PM,09:50 AM,06:25 AM,08:00 PM,16,19,20,19,3,15,77,0.0,1020,21,10,287,3,"Portugal,+Ilha+do+Faial"
2020-08-08,22,15,0.0,11.6,6,67,11:01 PM,10:44 AM,06:26 AM,07:59 PM,19,20,22,20,6,29,83,0.0,1020,22,10,115,5,"Portugal,+Ilha+do+Faial"
2020-08-09,23,16,0.0,10.4,6,59,11:29 PM,11:38 AM,06:27 AM,07:58 PM,19,20,23,20,9,25,82,0.1,1019,23,10,183,8,"Portugal,+Ilha+do+Faial"
2020-08-10,24,19,0.0,11.6,6,52,11:58 PM,12:32 PM,06:27 AM,07:57 PM,18,21,22,21,12,13,79,0.0,1017,24,10,157,10,"Portugal,+Ilha+do+Faial"
2020-08-11,20,17,0.0,10.4,4,45,No moonrise,01:27 PM,06:28 AM,07:56 PM,15,19,19,19,15,30,79,0.4,1018,20,10,156,10,"Portugal,+Ilha+do+Faial"
2020-08-12,20,13,0.0,11.6,5,38,12:29 AM,02:23 PM,06:29 AM,07:55 PM,14,17,17,17,23,16,79,0.1,1020,20,10,25,12,"Portugal,+Ilha+do+Faial"
2020-08-13,19,12,0.0,11.6,5,30,01:05 AM,03:22 PM,06:29 AM,07:54 PM,13,16,17,16,23,18,78,0.1,1020,19,10,26,13,"Portugal,+Ilha+do+Faial"
2020-08-14,20,14,0.0,11.6,5,23,01:46 AM,04:20 PM,06:30 AM,07:53 PM,13,17,17,17,17,14,76,0.0,1021,20,10,129,10,"Portugal,+Ilha+do+Faial"
2020-08-15,21,15,0.0,11.6,5,16,02:33 AM,05:18 PM,06:31 AM,07:52 PM,13,17,18,17,18,14,76,0.0,1020,21,10,196,10,"Portugal,+Ilha+do+Faial"
2020-08-16,21,16,0.0,11.6,5,8,03:28 AM,06:12 PM,06:32 AM,07:51 PM,13,18,18,18,20,10,75,0.0,1020,21,10,17,11,"Portugal,+Ilha+do+Faial"
2020-08-17,22,17,0.0,11.6,6,1,04:29 AM,07:03 PM,06:32 AM,07:50 PM,15,19,20,19,17,10,78,0.0,1020,22,10,24,9,"Portugal,+Ilha+do+Faial"
2020-08-18,23,17,0.0,11.6,6,0,05:36 AM,07:49 PM,06:33 AM,07:49 PM,15,20,21,20,10,0,72,0.0,1018,23,10,58,6,"Portugal,+Ilha+do+Faial"
2020-08-19,25,20,0.0,11.6,6,0,06:44 AM,08:30 PM,06:34 AM,07:48 PM,17,23,23,22,8,0,74,0.0,1015,25,10,294,6,"Portugal,+Ilha+do+Faial"
2020-08-20,23,17,0.0,11.6,6,6,07:54 AM,09:08 PM,06:34 AM,07:47 PM,17,20,22,20,6,8,80,0.0,1012,23,10,256,4,"Portugal,+Ilha+do+Faial"
2020-08-21,21,13,0.0,6.6,4,13,09:03 AM,09:44 PM,06:35 AM,07:45 PM,20,19,20,19,15,77,92,1.8,1016,21,6,89,10,"Portugal,+Ilha+do+Faial"
2020-08-22,24,20,0.0,11.6,5,20,10:11 AM,10:19 PM,06:36 AM,07:44 PM,20,24,24,22,15,35,84,0.3,1021,24,10,43,13,"Portugal,+Ilha+do+Faial"
2020-08-23,25,20,0.0,11.6,6,28,11:19 AM,10:55 PM,06:36 AM,07:43 PM,17,24,24,22,18,3,75,0.0,1022,25,10,29,14,"Portugal,+Ilha+do+Faial"
2020-08-24,22,13,0.0,11.6,6,35,12:27 PM,11:33 PM,06:37 AM,07:42 PM,18,20,22,20,20,3,79,0.0,1018,22,10,56,15,"Portugal,+Ilha+do+Faial"
2020-08-25,22,18,0.0,11.6,6,42,01:35 PM,No moonset,06:38 AM,07:41 PM,17,20,22,20,20,3,77,0.0,1016,22,10,27,15,"Portugal,+Ilha+do+Faial"
2020-08-26,29,20,0.0,11.6,7,50,02:40 PM,12:15 AM,06:38 AM,07:39 PM,19,27,27,25,18,0,71,0.0,1017,29,10,40,14,"Portugal,+Ilha+do+Faial"
2020-08-27,30,24,0.0,11.6,7,57,03:44 PM,01:01 AM,06:39 AM,07:38 PM,19,28,28,26,18,0,68,0.0,1019,30,10,33,13,"Portugal,+Ilha+do+Faial"
2020-08-28,25,18,0.0,11.6,6,64,04:42 PM,01:53 AM,06:40 AM,07:37 PM,15,21,22,21,25,0,67,0.0,1019,25,10,57,14,"Portugal,+Ilha+do+Faial"
2020-08-29,20,16,0.0,11.6,4,71,05:34 PM,02:49 AM,06:40 AM,07:36 PM,14,18,19,18,29,14,77,0.3,1017,20,10,117,17,"Portugal,+Ilha+do+Faial"
2020-08-30,20,12,0.0,11.6,4,79,06:19 PM,03:48 AM,06:41 AM,07:34 PM,14,17,18,17,23,36,75,0.3,1016,20,10,20,17,"Portugal,+Ilha+do+Faial"
2020-08-31,20,15,0.0,11.6,5,82,06:59 PM,04:48 AM,06:42 AM,07:33 PM,15,18,19,18,21,4,76,0.0,1017,20,10,16,16,"Portugal,+Ilha+do+Faial"
2020-09-01,21,15,0.0,11.6,5,97,07:34 PM,05:47 AM,06:42 AM,07:32 PM,15,19,19,19,18,1,74,0.0,1016,21,10,20,14,"Portugal,+Ilha+do+Faial"
2020-09-02,21,13,0.0,6.4,4,100,08:05 PM,06:45 AM,06:43 AM,07:31 PM,16,18,19,18,18,55,81,0.7,1016,21,10,32,11,"Portugal,+Ilha+do+Faial"
2020-09-03,22,18,0.0,11.6,6,88,08:34 PM,07:41 AM,06:43 AM,07:29 PM,17,20,21,20,12,24,78,0.0,1017,22,10,50,10,"Portugal,+Ilha+do+Faial"
2020-09-04,24,19,0.0,11.6,6,81,09:02 PM,08:36 AM,06:44 AM,07:28 PM,17,21,22,21,9,12,78,0.0,1018,24,10,255,7,"Portugal,+Ilha+do+Faial"
2020-09-05,21,15,0.0,7.7,4,73,09:30 PM,09:30 AM,06:45 AM,07:27 PM,18,20,22,20,11,59,85,1.0,1016,21,10,28,9,"Portugal,+Ilha+do+Faial"
2020-09-06,21,12,0.0,6.4,4,66,09:58 PM,10:24 AM,06:45 AM,07:25 PM,18,18,19,18,14,67,87,5.9,1012,21,10,59,10,"Portugal,+Ilha+do+Faial"
2020-09-07,22,16,0.0,11.6,6,58,10:28 PM,11:19 AM,06:46 AM,07:24 PM,16,20,21,20,9,3,71,0.0,1015,22,10,87,6,"Portugal,+Ilha+do+Faial"
2020-09-08,25,20,0.0,11.6,5,50,11:02 PM,12:14 PM,06:47 AM,07:23 PM,18,25,25,23,13,32,70,0.2,1019,25,10,60,8,"Portugal,+Ilha+do+Faial"
2020-09-09,24,18,0.0,11.6,6,43,11:40 PM,01:11 PM,06:47 AM,07:21 PM,15,24,24,22,19,7,64,0.0,1020,24,10,84,11,"Portugal,+Ilha+do+Faial"
2020-09-10,22,15,0.0,11.6,6,35,No moonrise,02:08 PM,06:48 AM,07:20 PM,16,20,22,20,16,14,69,0.0,1020,22,10,260,12,"Portugal,+Ilha+do+Faial"
2020-09-11,20,12,0.0,11.6,5,28,12:23 AM,03:05 PM,06:49 AM,07:19 PM,16,18,19,18,14,26,78,0.1,1017,20,10,332,11,"Portugal,+Ilha+do+Faial"
2020-09-12,20,15,0.0,6.3,4,20,01:14 AM,04:00 PM,06:49 AM,07:17 PM,15,18,18,18,15,58,79,5.4,1014,20,9,318,10,"Portugal,+Ilha+do+Faial"
2020-09-13,19,15,0.0,7.6,4,13,02:11 AM,04:52 PM,06:50 AM,07:16 PM,14,17,18,17,10,64,81,4.8,1016,19,10,251,5,"Portugal,+Ilha+do+Faial"
2020-09-14,19,14,0.0,10.3,5,5,03:14 AM,05:40 PM,06:51 AM,07:15 PM,15,18,18,18,8,37,81,0.2,1019,19,10,279,5,"Portugal,+Ilha+do+Faial"
2020-09-15,21,15,0.0,11.6,5,0,04:21 AM,06:22 PM,06:51 AM,07:13 PM,15,18,19,18,5,18,78,0.0,1021,21,10,265,3,"Portugal,+Ilha+do+Faial"
2020-09-16,19,16,0.0,9.0,4,0,05:31 AM,07:02 PM,06:52 AM,07:12 PM,15,18,18,18,15,47,83,2.9,1018,19,10,298,9,"Portugal,+Ilha+do+Faial"
2020-09-17,18,15,0.0,11.6,4,0,06:41 AM,07:39 PM,06:53 AM,07:10 PM,12,16,16,16,29,29,76,0.9,1014,18,10,277,16,"Portugal,+Ilha+do+Faial"
2020-09-18,19,16,0.0,11.6,4,2,07:52 AM,08:15 PM,06:53 AM,07:09 PM,13,18,18,18,28,20,75,0.1,1015,19,10,306,16,"Portugal,+Ilha+do+Faial"
2020-09-19,19,15,0.0,11.6,5,10,09:02 AM,08:51 PM,06:54 AM,07:08 PM,13,17,17,17,8,24,77,0.0,1019,19,10,240,4,"Portugal,+Ilha+do+Faial"
2020-09-20,20,16,0.0,11.6,5,17,10:12 AM,09:30 PM,06:54 AM,07:06 PM,14,17,17,17,7,32,79,0.0,1020,20,10,92,4,"Portugal,+Ilha+do+Faial"
2020-09-21,20,16,0.0,11.6,5,25,11:23 AM,10:11 PM,06:55 AM,07:05 PM,15,18,18,18,8,29,80,0.0,1019,20,10,102,5,"Portugal,+Ilha+do+Faial"
2020-09-22,21,16,0.0,10.3,4,32,12:32 PM,10:57 PM,06:56 AM,07:04 PM,14,19,19,19,17,35,71,0.4,1016,21,10,224,9,"Portugal,+Ilha+do+Faial"
2020-09-23,22,18,0.0,11.6,5,40,01:38 PM,11:49 PM,06:56 AM,07:02 PM,14,20,20,20,24,35,72,0.8,1015,22,10,264,12,"Portugal,+Ilha+do+Faial"
2020-09-24,21,14,0.0,8.9,4,47,02:38 PM,No moonset,06:57 AM,07:01 PM,14,18,19,18,9,57,73,4.0,1016,21,10,192,5,"Portugal,+Ilha+do+Faial"
2020-09-25,21,15,0.0,10.3,4,55,03:33 PM,12:44 AM,06:58 AM,07:00 PM,16,18,19,18,18,38,85,0.7,1022,21,10,78,10,"Portugal,+Ilha+do+Faial"
2020-09-26,18,10,0.0,8.8,4,62,04:20 PM,01:42 AM,06:58 AM,06:58 PM,15,16,16,16,28,57,86,0.9,1025,18,10,53,15,"Portugal,+Ilha+do+Faial"
2020-09-27,17,11,0.0,11.6,4,70,05:01 PM,02:41 AM,06:59 AM,06:57 PM,13,14,16,14,29,50,81,0.3,1022,17,10,27,15,"Portugal,+Ilha+do+Faial"
2020-09-28,18,14,0.0,11.6,4,78,05:37 PM,03:41 AM,07:00 AM,06:55 PM,14,17,17,17,22,42,79,0.5,1019,18,10,127,14,"Portugal,+Ilha+do+Faial"
2020-09-29,20,10,0.0,5.8,4,85,06:08 PM,04:38 AM,07:00 AM,06:54 PM,16,17,18,17,20,71,82,2.0,1019,20,10,20,14,"Portugal,+Ilha+do+Faial"
2020-09-30,20,10,0.0,5.8,4,93,06:37 PM,05:35 AM,07:01 AM,06:53 PM,14,17,17,17,21,75,79,0.9,1021,20,10,21,14,"Portugal,+Ilha+do+Faial"
2020-10-01,18,13,0.0,11.5,4,97,07:05 PM,06:30 AM,07:02 AM,06:51 PM,12,15,16,15,23,34,79,0.7,1021,18,10,38,12,"Portugal,+Ilha+do+Faial"
2020-10-02,19,15,0.0,11.5,4,100,07:32 PM,07:24 AM,07:03 AM,06:50 PM,13,16,16,16,24,25,79,0.1,1019,19,10,326,13,"Portugal,+Ilha+do+Faial"
2020-10-03,20,16,0.0,8.7,4,89,08:00 PM,08:18 AM,07:03 AM,06:49 PM,13,17,17,17,24,60,78,0.8,1018,20,10,176,13,"Portugal,+Ilha+do+Faial"
2020-10-04,19,17,0.0,8.7,4,82,08:29 PM,09:13 AM,07:04 AM,06:47 PM,15,18,18,18,21,62,83,1.5,1018,19,10,197,11,"Portugal,+Ilha+do+Faial"
2020-10-05,17,9,0.0,8.7,4,74,09:01 PM,10:07 AM,07:05 AM,06:46 PM,13,15,15,15,28,50,81,0.9,1021,17,10,43,15,"Portugal,+Ilha+do+Faial"
2020-10-06,18,13,0.0,7.2,4,67,09:37 PM,11:04 AM,07:05 AM,06:45 PM,14,15,16,15,26,61,83,0.5,1022,18,10,55,14,"Portugal,+Ilha+do+Faial"
2020-10-07,21,13,0.0,5.7,4,60,10:17 PM,12:00 PM,07:06 AM,06:44 PM,18,18,19,18,12,71,86,4.6,1021,21,9,65,9,"Portugal,+Ilha+do+Faial"
2020-10-08,21,13,0.0,8.6,4,53,11:05 PM,12:56 PM,07:07 AM,06:42 PM,18,18,20,18,7,55,85,0.3,1022,21,10,49,5,"Portugal,+Ilha+do+Faial"
2020-10-09,20,13,0.0,7.2,4,45,11:58 PM,01:51 PM,07:07 AM,06:41 PM,17,17,18,17,16,56,84,0.2,1023,20,10,25,11,"Portugal,+Ilha+do+Faial"
2020-10-10,20,12,0.0,7.1,4,38,No moonrise,02:43 PM,07:08 AM,06:40 PM,16,17,17,17,22,70,83,0.8,1023,20,10,32,16,"Portugal,+Ilha+do+Faial"
2020-10-11,20,11,0.0,8.6,4,31,12:57 AM,03:31 PM,07:09 AM,06:39 PM,16,17,18,17,20,61,82,1.0,1021,20,10,29,16,"Portugal,+Ilha+do+Faial"
2020-10-12,19,11,0.0,11.3,5,23,02:00 AM,04:14 PM,07:10 AM,06:37 PM,15,16,17,16,23,17,81,0.0,1019,19,10,46,15,"Portugal,+Ilha+do+Faial"
2020-10-13,20,11,0.0,11.3,4,16,03:07 AM,04:54 PM,07:10 AM,06:36 PM,16,18,18,18,18,30,79,0.0,1019,20,10,60,12,"Portugal,+Ilha+do+Faial"
2020-10-14,18,12,0.0,11.2,4,9,04:16 AM,05:32 PM,07:11 AM,06:35 PM,13,15,16,15,28,36,81,0.0,1020,18,10,55,15,"Portugal,+Ilha+do+Faial"
2020-10-15,16,9,0.0,5.6,4,2,05:26 AM,06:07 PM,07:12 AM,06:34 PM,13,14,15,14,23,76,84,1.9,1021,16,9,63,12,"Portugal,+Ilha+do+Faial"
2020-10-16,18,8,0.0,7.1,4,0,06:36 AM,06:43 PM,07:13 AM,06:33 PM,13,14,15,14,10,64,80,1.6,1020,18,10,38,7,"Portugal,+Ilha+do+Faial"
2020-10-17,17,12,0.0,11.2,5,0,07:48 AM,07:21 PM,07:13 AM,06:31 PM,12,15,15,15,12,31,75,0.1,1018,17,10,102,8,"Portugal,+Ilha+do+Faial"
2020-10-18,17,12,0.0,7.1,4,5,09:01 AM,08:02 PM,07:14 AM,06:30 PM,15,15,16,15,33,68,87,17.0,1012,17,8,200,19,"Portugal,+Ilha+do+Faial"
2020-10-19,19,15,0.0,5.6,4,13,10:13 AM,08:48 PM,07:15 AM,06:29 PM,15,17,17,17,30,70,86,26.3,1010,19,8,236,15,"Portugal,+Ilha+do+Faial"
2020-10-20,16,14,0.0,8.6,4,20,11:24 AM,09:39 PM,07:16 AM,06:28 PM,13,15,16,15,38,71,84,32.9,1008,16,8,259,19,"Portugal,+Ilha+do+Faial"
2020-10-21,15,13,0.0,10.1,3,27,12:29 PM,10:34 PM,07:17 AM,06:27 PM,10,13,14,13,36,55,77,1.4,1013,15,10,302,19,"Portugal,+Ilha+do+Faial"
2020-10-22,15,13,0.0,8.6,3,35,01:28 PM,11:34 PM,07:17 AM,06:26 PM,8,13,13,13,20,50,72,0.6,1017,15,10,335,11,"Portugal,+Ilha+do+Faial"
2020-10-23,15,8,0.0,8.6,3,42,02:18 PM,No moonset,07:18 AM,06:25 PM,10,12,13,12,20,45,78,0.8,1024,15,10,120,10,"Portugal,+Ilha+do+Faial"
2020-10-24,16,12,0.0,10.1,3,49,03:02 PM,12:34 AM,07:19 AM,06:24 PM,11,14,14,14,15,54,78,1.4,1026,16,10,41,9,"Portugal,+Ilha+do+Faial"
2020-10-25,16,12,0.0,11.0,4,56,03:39 PM,01:35 AM,07:20 AM,06:23 PM,9,14,14,14,14,7,74,0.0,1026,16,10,284,7,"Portugal,+Ilha+do+Faial"
2020-10-26,15,13,0.0,7.0,3,64,04:11 PM,02:33 AM,07:21 AM,06:22 PM,11,14,14,14,21,44,84,1.7,1024,15,10,109,11,"Portugal,+Ilha+do+Faial"
2020-10-27,15,12,0.0,11.0,4,71,04:41 PM,03:30 AM,07:21 AM,06:21 PM,9,14,14,14,13,29,74,0.0,1023,15,10,42,7,"Portugal,+Ilha+do+Faial"
2020-10-28,16,12,0.0,11.0,4,78,05:09 PM,04:24 AM,07:22 AM,06:20 PM,10,14,14,14,12,47,77,0.0,1023,16,10,113,7,"Portugal,+Ilha+do+Faial"
2020-10-29,17,10,0.0,10.1,5,85,05:36 PM,05:19 AM,07:23 AM,06:19 PM,13,15,16,15,11,44,80,0.2,1022,17,10,34,7,"Portugal,+Ilha+do+Faial"
2020-10-30,18,14,0.0,10.9,5,93,06:03 PM,06:13 AM,07:24 AM,06:18 PM,15,17,18,17,13,24,81,0.0,1021,18,10,32,9,"Portugal,+Ilha+do+Faial"
2020-10-31,21,16,0.0,10.9,5,97,06:31 PM,07:07 AM,07:25 AM,06:17 PM,14,19,19,19,13,4,68,0.0,1023,21,10,60,9,"Portugal,+Ilha+do+Faial"
2020-11-01,20,13,0.0,10.9,5,89,07:03 PM,08:02 AM,07:26 AM,06:16 PM,13,18,20,18,12,8,64,0.0,1024,20,10,71,7,"Portugal,+Ilha+do+Faial"
2020-11-02,20,13,0.0,10.9,5,81,07:37 PM,08:58 AM,07:27 AM,06:15 PM,13,18,19,18,12,35,67,0.0,1024,20,10,68,8,"Portugal,+Ilha+do+Faial"
2020-11-03,15,8,0.0,7.0,3,74,08:16 PM,09:55 AM,07:27 AM,06:14 PM,13,13,14,13,36,62,87,13.2,1026,15,9,28,19,"Portugal,+Ilha+do+Faial"
2020-11-04,13,12,0.0,5.4,3,66,09:01 PM,10:51 AM,07:28 AM,06:13 PM,9,11,13,11,37,72,78,2.4,1024,13,9,137,21,"Portugal,+Ilha+do+Faial"
2020-11-05,13,10,0.0,7.0,3,58,09:51 PM,11:47 AM,07:29 AM,06:13 PM,7,9,11,9,30,69,74,5.0,1009,13,9,310,15,"Portugal,+Ilha+do+Faial"
2020-11-06,14,11,0.0,7.0,3,51,10:47 PM,12:39 PM,07:30 AM,06:12 PM,8,10,12,10,36,62,77,7.0,1007,14,9,267,19,"Portugal,+Ilha+do+Faial"
2020-11-07,16,10,0.0,10.1,3,43,11:48 PM,01:27 PM,07:31 AM,06:11 PM,10,13,14,13,22,34,77,0.4,1017,16,10,262,11,"Portugal,+Ilha+do+Faial"
2020-11-08,15,7,0.0,10.0,3,36,No moonrise,02:10 PM,07:32 AM,06:10 PM,11,12,13,12,18,48,81,0.7,1021,15,10,293,9,"Portugal,+Ilha+do+Faial"
2020-11-09,15,7,0.0,8.5,3,28,12:51 AM,02:50 PM,07:33 AM,06:10 PM,10,13,13,13,10,51,77,0.6,1023,15,9,171,6,"Portugal,+Ilha+do+Faial"
2020-11-10,15,9,0.0,10.8,3,21,01:57 AM,03:27 PM,07:34 AM,06:09 PM,11,13,14,13,15,36,75,0.1,1022,15,10,97,10,"Portugal,+Ilha+do+Faial"
2020-11-11,15,6,0.0,8.5,3,13,03:04 AM,04:02 PM,07:35 AM,06:08 PM,11,13,14,13,10,46,78,0.0,1020,15,10,111,6,"Portugal,+Ilha+do+Faial"
2020-11-12,16,11,0.0,10.7,4,6,04:12 AM,04:36 PM,07:35 AM,06:08 PM,12,14,15,14,9,50,81,0.8,1018,16,10,184,5,"Portugal,+Ilha+do+Faial"
2020-11-13,18,14,0.0,5.4,4,0,05:22 AM,05:12 PM,07:36 AM,06:07 PM,13,16,16,16,15,60,85,9.5,1017,18,9,202,7,"Portugal,+Ilha+do+Faial"
2020-11-14,18,15,0.0,10.7,4,0,06:33 AM,05:51 PM,07:37 AM,06:06 PM,15,17,17,17,27,39,85,0.5,1015,18,10,166,14,"Portugal,+Ilha+do+Faial"
2020-11-15,18,11,0.0,5.3,4,0,07:46 AM,06:34 PM,07:38 AM,06:06 PM,17,16,17,16,27,70,94,24.6,1014,18,9,148,15,"Portugal,+Ilha+do+Faial"
2020-11-16,21,14,0.0,5.3,4,2,08:59 AM,07:24 PM,07:39 AM,06:05 PM,18,18,19,18,22,77,90,3.1,1017,21,10,205,15,"Portugal,+Ilha+do+Faial"
2020-11-17,20,12,0.0,10.7,5,9,10:10 AM,08:18 PM,07:40 AM,06:05 PM,15,18,18,18,10,32,76,0.1,1022,20,10,242,6,"Portugal,+Ilha+do+Faial"
2020-11-18,20,10,0.0,10.6,4,17,11:15 AM,09:19 PM,07:41 AM,06:04 PM,15,16,17,16,16,44,81,0.4,1025,20,10,310,11,"Portugal,+Ilha+do+Faial"
2020-11-19,16,10,0.0,5.3,3,24,12:11 PM,10:21 PM,07:42 AM,06:04 PM,13,14,15,14,22,79,81,6.4,1024,16,9,30,16,"Portugal,+Ilha+do+Faial"
2020-11-20,17,11,0.0,10.6,4,32,12:59 PM,11:24 PM,07:43 AM,06:04 PM,15,15,16,15,24,34,85,0.2,1022,17,10,69,15,"Portugal,+Ilha+do+Faial"
2020-11-21,18,15,0.0,10.6,5,39,01:39 PM,No moonset,07:44 AM,06:03 PM,12,17,17,17,13,5,73,0.0,1020,18,10,111,7,"Portugal,+Ilha+do+Faial"
2020-11-22,17,13,0.0,8.4,4,47,02:14 PM,12:24 AM,07:45 AM,06:03 PM,11,15,15,15,12,34,73,0.3,1022,17,10,63,6,"Portugal,+Ilha+do+Faial"
2020-11-23,16,14,0.0,8.4,3,54,02:44 PM,01:23 AM,07:45 AM,06:02 PM,12,15,15,15,13,36,83,0.2,1024,16,10,43,7,"Portugal,+Ilha+do+Faial"
2020-11-24,15,13,0.0,10.6,4,62,03:13 PM,02:18 AM,07:46 AM,06:02 PM,11,14,14,14,12,24,81,0.0,1025,15,10,44,6,"Portugal,+Ilha+do+Faial"
2020-11-25,12,9,0.0,8.4,3,70,03:40 PM,03:13 AM,07:47 AM,06:02 PM,7,9,11,9,38,48,77,1.3,1022,12,10,328,20,"Portugal,+Ilha+do+Faial"
2020-11-26,10,5,0.0,6.9,2,77,04:06 PM,04:07 AM,07:48 AM,06:02 PM,5,6,9,6,46,66,74,14.1,1015,10,9,329,24,"Portugal,+Ilha+do+Faial"
2020-11-27,13,9,0.0,5.3,3,85,04:34 PM,05:01 AM,07:49 AM,06:01 PM,8,9,11,9,41,67,79,7.0,1014,13,10,333,21,"Portugal,+Ilha+do+Faial"
2020-11-28,14,10,0.0,8.4,3,92,05:04 PM,05:56 AM,07:50 AM,06:01 PM,9,10,12,10,37,60,80,7.7,1015,14,9,320,20,"Portugal,+Ilha+do+Faial"
2020-11-29,11,7,0.0,8.4,2,100,05:38 PM,06:52 AM,07:51 AM,06:01 PM,6,7,10,7,37,63,76,7.1,1009,11,10,270,20,"Portugal,+Ilha+do+Faial"
2020-11-30,11,8,0.0,5.3,3,100,06:15 PM,07:49 AM,07:51 AM,06:01 PM,8,7,11,7,57,80,83,35.4,1000,11,7,228,30,"Portugal,+Ilha+do+Faial"
2020-12-01,14,5,0.0,5.2,3,89,06:58 PM,08:46 AM,07:52 AM,06:01 PM,11,10,12,10,42,78,83,28.1,1008,14,8,208,24,"Portugal,+Ilha+do+Faial"
2020-12-02,15,9,0.0,6.8,3,82,07:47 PM,09:43 AM,07:53 AM,06:01 PM,12,13,14,13,18,71,81,10.0,1012,15,9,182,11,"Portugal,+Ilha+do+Faial"
2020-12-03,14,12,0.0,8.4,3,75,08:42 PM,10:36 AM,07:54 AM,06:01 PM,11,12,13,12,19,50,84,0.9,1017,14,10,64,10,"Portugal,+Ilha+do+Faial"
2020-12-04,12,8,0.0,10.5,4,67,09:41 PM,11:26 AM,07:55 AM,06:01 PM,8,9,11,9,33,32,80,0.5,1021,12,10,249,17,"Portugal,+Ilha+do+Faial"
2020-12-05,10,9,0.0,5.2,2,60,10:43 PM,12:10 PM,07:56 AM,06:01 PM,5,7,9,7,36,63,76,1.0,1021,10,10,353,19,"Portugal,+Ilha+do+Faial"
2020-12-06,12,9,0.0,8.4,3,53,11:47 PM,12:50 PM,07:56 AM,06:01 PM,7,9,11,9,25,47,76,0.9,1024,12,10,237,14,"Portugal,+Ilha+do+Faial"
2020-12-07,13,11,0.0,10.4,4,46,No moonrise,01:27 PM,07:57 AM,06:01 PM,8,11,12,11,16,23,78,0.0,1026,13,10,327,9,"Portugal,+Ilha+do+Faial"
2020-12-08,13,8,0.0,10.0,3,38,12:51 AM,02:01 PM,07:58 AM,06:01 PM,9,11,12,11,22,23,82,0.5,1027,13,10,249,11,"Portugal,+Ilha+do+Faial"
2020-12-09,14,10,0.0,5.2,3,31,01:56 AM,02:34 PM,07:59 AM,06:01 PM,10,12,13,12,22,70,83,2.2,1028,14,9,154,12,"Portugal,+Ilha+do+Faial"
2020-12-10,14,10,0.0,10.4,4,24,03:02 AM,03:08 PM,07:59 AM,06:02 PM,9,11,12,11,18,23,80,0.1,1028,14,10,164,9,"Portugal,+Ilha+do+Faial"
2020-12-11,15,11,0.0,10.0,4,17,04:10 AM,03:44 PM,08:00 AM,06:02 PM,10,12,13,12,13,28,86,0.0,1027,15,10,340,6,"Portugal,+Ilha+do+Faial"
2020-12-12,15,7,0.0,10.0,4,9,05:21 AM,04:23 PM,08:01 AM,06:02 PM,10,12,12,12,11,48,83,0.0,1024,15,10,145,6,"Portugal,+Ilha+do+Faial"
2020-12-13,13,5,0.0,8.3,3,2,06:32 AM,05:08 PM,08:01 AM,06:02 PM,11,12,12,12,8,57,84,0.2,1019,13,10,270,4,"Portugal,+Ilha+do+Faial"
2020-12-14,13,11,0.0,10.0,3,0,07:45 AM,06:00 PM,08:02 AM,06:03 PM,10,11,13,11,22,41,81,0.7,1018,13,10,285,12,"Portugal,+Ilha+do+Faial"
2020-12-15,12,10,0.0,10.0,4,0,08:53 AM,06:58 PM,08:03 AM,06:03 PM,7,11,11,11,15,25,76,0.1,1020,12,10,305,8,"Portugal,+Ilha+do+Faial"
2020-12-16,14,11,0.0,8.3,3,5,09:55 AM,08:01 PM,08:03 AM,06:03 PM,9,11,12,11,34,39,82,0.9,1020,14,10,307,17,"Portugal,+Ilha+do+Faial"
2020-12-17,13,10,0.0,10.0,4,12,10:48 AM,09:06 PM,08:04 AM,06:04 PM,7,11,12,11,16,7,72,0.0,1025,13,10,129,8,"Portugal,+Ilha+do+Faial"
2020-12-18,14,5,0.0,10.0,3,20,11:34 AM,10:09 PM,08:04 AM,06:04 PM,11,12,12,12,9,37,82,0.6,1024,14,10,267,5,"Portugal,+Ilha+do+Faial"
2020-12-19,15,8,0.0,9.9,3,27,12:11 PM,11:10 PM,08:05 AM,06:04 PM,11,12,13,12,16,41,85,0.4,1023,15,10,279,8,"Portugal,+Ilha+do+Faial"
2020-12-20,14,8,0.0,10.0,3,34,12:44 PM,No moonset,08:05 AM,06:05 PM,10,12,13,12,13,38,82,0.6,1025,14,10,54,8,"Portugal,+Ilha+do+Faial"
2020-12-21,14,6,0.0,10.0,4,41,01:14 PM,12:08 AM,08:06 AM,06:05 PM,10,12,13,12,9,13,78,0.0,1027,14,10,95,6,"Portugal,+Ilha+do+Faial"
2020-12-22,13,11,0.0,10.0,4,49,01:42 PM,01:04 AM,08:06 AM,06:06 PM,9,13,13,13,8,37,77,0.0,1024,13,10,206,5,"Portugal,+Ilha+do+Faial"
2020-12-23,14,10,0.0,8.3,3,56,02:08 PM,01:59 AM,08:07 AM,06:06 PM,8,11,12,11,18,43,78,0.4,1020,14,10,158,9,"Portugal,+Ilha+do+Faial"
2020-12-24,14,12,0.0,6.7,3,63,02:36 PM,02:53 AM,08:07 AM,06:07 PM,10,11,13,11,34,57,81,6.9,1020,14,9,117,17,"Portugal,+Ilha+do+Faial"
2020-12-25,13,11,0.0,5.0,3,70,03:05 PM,03:47 AM,08:08 AM,06:08 PM,9,10,12,10,37,79,80,19.9,1015,13,9,99,19,"Portugal,+Ilha+do+Faial"
2020-12-26,13,6,0.0,5.0,3,78,03:37 PM,04:42 AM,08:08 AM,06:08 PM,10,9,12,9,42,65,84,18.5,1018,13,8,74,22,"Portugal,+Ilha+do+Faial"
2020-12-27,15,5,0.0,8.3,3,85,04:13 PM,05:40 AM,08:08 AM,06:09 PM,11,10,12,10,27,51,84,1.5,1020,15,10,60,18,"Portugal,+Ilha+do+Faial"
2020-12-28,12,8,0.0,10.0,4,92,04:54 PM,06:37 AM,08:09 AM,06:09 PM,8,9,11,9,19,24,80,0.0,1018,12,10,49,10,"Portugal,+Ilha+do+Faial"
2020-12-29,10,5,0.0,6.7,2,100,05:42 PM,07:35 AM,08:09 AM,06:10 PM,7,8,10,8,17,50,80,0.6,1018,10,9,200,10,"Portugal,+Ilha+do+Faial"
2020-12-30,11,7,0.0,6.7,3,100,06:35 PM,08:30 AM,08:09 AM,06:11 PM,7,8,10,8,24,70,78,3.2,1020,11,10,53,13,"Portugal,+Ilha+do+Faial"
2020-12-31,11,5,0.0,6.7,3,89,07:34 PM,09:22 AM,08:10 AM,06:12 PM,8,8,10,8,21,61,80,1.9,1023,11,9,63,12,"Portugal,+Ilha+do+Faial"
2021-01-01,11,7,0.0,10.0,2,79,08:36 PM,10:09 AM,08:10 AM,06:12 PM,5,7,9,7,19,30,76,0.1,1024,11,10,45,10,"Portugal,+Ilha+do+Faial"
2021-01-02,10,7,0.0,10.0,2,71,09:41 PM,10:51 AM,08:10 AM,06:13 PM,6,8,9,8,22,48,78,0.9,1022,10,9,52,12,"Portugal,+Ilha+do+Faial"
2021-01-03,11,5,0.0,10.0,3,64,10:44 PM,11:29 AM,08:10 AM,06:14 PM,7,8,10,8,22,60,78,0.3,1019,11,10,110,14,"Portugal,+Ilha+do+Faial"
2021-01-04,12,5,0.0,5.0,3,57,11:49 PM,12:03 PM,08:10 AM,06:15 PM,11,9,11,9,38,95,89,74.2,1012,12,8,179,21,"Portugal,+Ilha+do+Faial"
2021-01-05,15,11,0.0,5.0,3,50,No moonrise,12:36 PM,08:10 AM,06:15 PM,11,12,13,12,30,76,84,2.0,1007,15,9,273,15,"Portugal,+Ilha+do+Faial"
2021-01-06,15,12,0.0,5.0,3,42,12:53 AM,01:09 PM,08:10 AM,06:16 PM,11,12,13,12,25,77,87,18.7,1001,15,9,244,13,"Portugal,+Ilha+do+Faial"
2021-01-07,11,8,0.0,5.0,2,35,01:58 AM,01:42 PM,08:10 AM,06:17 PM,8,7,10,7,48,95,91,82.2,1004,11,7,99,24,"Portugal,+Ilha+do+Faial"
2021-01-08,8,7,0.0,5.0,2,28,03:05 AM,02:18 PM,08:11 AM,06:18 PM,5,4,8,4,51,82,82,29.2,1010,8,8,130,27,"Portugal,+Ilha+do+Faial"
2021-01-09,9,4,0.0,5.0,2,20,04:14 AM,03:00 PM,08:10 AM,06:19 PM,4,4,7,4,38,73,75,9.2,1020,9,9,340,19,"Portugal,+Ilha+do+Faial"
2021-01-10,9,8,0.0,5.0,2,13,05:24 AM,03:47 PM,08:10 AM,06:19 PM,4,6,8,6,38,71,76,2.9,1023,9,10,339,19,"Portugal,+Ilha+do+Faial"
2021-01-11,10,7,0.0,6.7,2,6,06:32 AM,04:41 PM,08:10 AM,06:20 PM,4,6,8,6,30,69,75,1.5,1026,10,10,192,16,"Portugal,+Ilha+do+Faial"
2021-01-12,10,4,0.0,10.1,3,0,07:37 AM,05:41 PM,08:10 AM,06:21 PM,5,7,9,7,19,23,74,0.1,1028,10,10,37,12,"Portugal,+Ilha+do+Faial"
2021-01-13,11,4,0.0,10.1,3,0,08:34 AM,06:45 PM,08:10 AM,06:22 PM,6,8,10,8,13,18,72,0.0,1030,11,10,48,9,"Portugal,+Ilha+do+Faial"
2021-01-14,10,7,0.0,10.1,3,1,09:24 AM,07:50 PM,08:10 AM,06:23 PM,5,8,9,8,15,21,73,0.0,1032,10,10,47,9,"Portugal,+Ilha+do+Faial"
2021-01-15,11,4,0.0,10.1,3,8,10:05 AM,08:54 PM,08:10 AM,06:24 PM,6,7,9,7,21,6,76,0.0,1030,11,10,47,12,"Portugal,+Ilha+do+Faial"
2021-01-16,14,5,0.0,5.1,3,16,10:41 AM,09:55 PM,08:10 AM,06:25 PM,10,10,12,10,19,59,84,2.7,1029,14,10,36,12,"Portugal,+Ilha+do+Faial"
2021-01-17,13,4,0.0,8.3,3,23,11:13 AM,10:52 PM,08:09 AM,06:26 PM,10,10,11,10,12,63,83,1.2,1028,13,9,68,8,"Portugal,+Ilha+do+Faial"
2021-01-18,12,6,0.0,10.2,4,30,11:42 AM,11:48 PM,08:09 AM,06:27 PM,7,10,11,10,4,21,75,0.0,1027,12,10,212,3,"Portugal,+Ilha+do+Faial"
2021-01-19,12,8,0.0,10.0,3,38,12:09 PM,No moonset,08:09 AM,06:28 PM,7,9,11,9,19,30,78,0.0,1024,12,10,240,10,"Portugal,+Ilha+do+Faial"
2021-01-20,15,11,0.0,6.7,3,45,12:36 PM,12:43 AM,08:08 AM,06:29 PM,10,12,13,12,33,52,84,0.9,1020,15,10,268,16,"Portugal,+Ilha+do+Faial"
2021-01-21,16,13,0.0,10.2,4,52,01:05 PM,01:38 AM,08:08 AM,06:30 PM,12,14,14,14,16,32,84,0.0,1023,16,10,270,8,"Portugal,+Ilha+do+Faial"
2021-01-22,15,14,0.0,10.2,3,59,01:35 PM,02:32 AM,08:08 AM,06:30 PM,12,14,14,14,12,26,89,0.1,1026,15,10,174,6,"Portugal,+Ilha+do+Faial"
2021-01-23,15,12,0.0,10.2,4,67,02:09 PM,03:28 AM,08:07 AM,06:31 PM,10,14,13,14,6,20,80,0.0,1025,15,10,218,3,"Portugal,+Ilha+do+Faial"
2021-01-24,15,12,0.0,10.3,4,74,02:48 PM,04:25 AM,08:07 AM,06:32 PM,10,13,13,13,12,17,82,0.0,1022,15,10,252,6,"Portugal,+Ilha+do+Faial"
2021-01-25,15,8,0.0,10.3,3,81,03:33 PM,05:23 AM,08:06 AM,06:33 PM,11,12,13,12,9,20,82,0.0,1024,15,10,265,5,"Portugal,+Ilha+do+Faial"
2021-01-26,16,8,0.0,10.3,4,88,04:23 PM,06:19 AM,08:06 AM,06:34 PM,11,13,13,13,8,5,80,0.0,1026,16,10,163,5,"Portugal,+Ilha+do+Faial"
2021-01-27,17,9,0.0,10.3,5,96,05:21 PM,07:13 AM,08:05 AM,06:35 PM,13,14,15,14,15,3,79,0.0,1024,17,10,87,9,"Portugal,+Ilha+do+Faial"
2021-01-28,17,11,0.0,10.3,5,100,06:23 PM,08:03 AM,08:05 AM,06:36 PM,13,15,16,15,9,2,79,0.0,1023,17,10,93,6,"Portugal,+Ilha+do+Faial"
2021-01-29,17,14,0.0,10.3,5,90,07:29 PM,08:48 AM,08:04 AM,06:37 PM,11,15,15,15,10,9,76,0.0,1024,17,10,172,6,"Portugal,+Ilha+do+Faial"
2021-01-30,16,12,0.0,10.4,4,82,08:35 PM,09:28 AM,08:03 AM,06:38 PM,10,13,13,13,13,24,80,0.0,1027,16,10,188,6,"Portugal,+Ilha+do+Faial"
2021-01-31,15,12,0.0,10.4,4,79,09:41 PM,10:04 AM,08:03 AM,06:39 PM,6,13,13,13,12,7,62,0.0,1027,15,10,87,6,"Portugal,+Ilha+do+Faial"
2021-02-01,16,12,0.0,10.4,4,63,10:46 PM,10:38 AM,08:02 AM,06:40 PM,11,14,14,14,6,13,83,0.0,1024,16,10,83,3,"Portugal,+Ilha+do+Faial"
2021-02-02,15,11,0.0,10.4,4,55,11:52 PM,11:11 AM,08:01 AM,06:41 PM,10,13,13,13,10,20,83,0.0,1021,15,10,205,5,"Portugal,+Ilha+do+Faial"
2021-02-03,13,11,0.0,6.8,3,48,No moonrise,11:44 AM,08:01 AM,06:42 PM,8,10,12,10,24,52,80,0.7,1018,13,10,294,13,"Portugal,+Ilha+do+Faial"
2021-02-04,9,7,0.0,6.8,2,40,12:58 AM,12:19 PM,08:00 AM,06:43 PM,5,6,9,6,30,60,76,3.1,1012,9,10,318,16,"Portugal,+Ilha+do+Faial"
2021-02-05,9,8,0.0,8.5,2,33,02:05 AM,12:58 PM,07:59 AM,06:44 PM,4,5,8,5,37,63,74,4.0,1012,9,10,343,20,"Portugal,+Ilha+do+Faial"
2021-02-06,10,8,0.0,5.4,2,25,03:13 AM,01:42 PM,07:59 AM,06:45 PM,5,7,9,7,34,68,76,4.4,1019,10,10,332,17,"Portugal,+Ilha+do+Faial"
2021-02-07,12,8,0.0,10.9,4,18,04:20 AM,02:31 PM,07:58 AM,06:46 PM,7,9,10,9,17,21,79,0.0,1022,12,10,315,8,"Portugal,+Ilha+do+Faial"
2021-02-08,14,11,0.0,10.1,3,10,05:25 AM,03:28 PM,07:57 AM,06:47 PM,9,11,12,11,27,34,82,0.5,1020,14,10,293,14,"Portugal,+Ilha+do+Faial"
2021-02-09,14,10,0.0,10.9,4,3,06:23 AM,04:29 PM,07:56 AM,06:48 PM,9,11,12,11,22,18,82,0.0,1019,14,10,283,11,"Portugal,+Ilha+do+Faial"
2021-02-10,15,11,0.0,10.9,3,0,07:15 AM,05:34 PM,07:55 AM,06:48 PM,10,12,13,12,14,27,82,0.0,1020,15,10,262,7,"Portugal,+Ilha+do+Faial"
2021-02-11,15,9,0.0,10.1,3,0,07:59 AM,06:37 PM,07:54 AM,06:49 PM,11,13,13,13,12,31,85,0.5,1021,15,10,254,6,"Portugal,+Ilha+do+Faial"
2021-02-12,15,8,0.0,10.1,3,0,08:37 AM,07:40 PM,07:53 AM,06:50 PM,12,12,13,12,8,43,86,0.4,1024,15,10,188,4,"Portugal,+Ilha+do+Faial"
2021-02-13,15,7,0.0,11.0,4,5,09:11 AM,08:39 PM,07:53 AM,06:51 PM,11,13,14,13,6,20,80,0.1,1025,15,10,101,4,"Portugal,+Ilha+do+Faial"
2021-02-14,15,9,0.0,11.0,4,12,09:41 AM,09:37 PM,07:52 AM,06:52 PM,8,13,14,13,8,0,66,0.0,1024,15,10,62,5,"Portugal,+Ilha+do+Faial"
2021-02-15,16,10,0.0,11.0,4,20,10:09 AM,10:32 PM,07:51 AM,06:53 PM,5,12,13,12,15,6,57,0.0,1023,16,10,174,8,"Portugal,+Ilha+do+Faial"
2021-02-16,16,13,0.0,11.0,4,27,10:36 AM,11:27 PM,07:50 AM,06:54 PM,6,14,14,14,15,34,58,0.0,1024,16,10,149,8,"Portugal,+Ilha+do+Faial"
2021-02-17,16,7,0.0,5.5,3,35,11:04 AM,No moonset,07:49 AM,06:55 PM,6,13,14,13,14,78,56,0.0,1022,16,10,171,8,"Portugal,+Ilha+do+Faial"
2021-02-18,15,13,0.0,11.1,4,42,11:34 AM,12:22 AM,07:48 AM,06:56 PM,7,14,14,14,6,9,63,0.0,1020,15,10,220,4,"Portugal,+Ilha+do+Faial"
2021-02-19,15,9,0.0,11.1,4,50,12:05 PM,01:17 AM,07:47 AM,06:56 PM,9,11,12,11,22,27,79,0.2,1017,15,10,249,12,"Portugal,+Ilha+do+Faial"
2021-02-20,14,8,0.0,5.6,3,58,12:41 PM,02:13 AM,07:46 AM,06:57 PM,10,9,11,9,50,91,89,72.7,1010,14,6,271,25,"Portugal,+Ilha+do+Faial"
2021-02-21,11,7,0.0,10.1,2,65,01:23 PM,03:10 AM,07:44 AM,06:58 PM,5,7,9,7,29,47,74,2.5,1016,11,10,295,15,"Portugal,+Ilha+do+Faial"
2021-02-22,16,11,0.0,7.1,3,73,02:11 PM,04:07 AM,07:43 AM,06:59 PM,11,13,13,13,20,63,83,1.5,1021,16,10,256,11,"Portugal,+Ilha+do+Faial"
2021-02-23,16,12,0.0,5.8,3,80,03:05 PM,05:01 AM,07:42 AM,07:00 PM,12,14,14,14,10,60,82,0.6,1024,16,10,247,6,"Portugal,+Ilha+do+Faial"
2021-02-24,12,10,0.0,5.8,3,88,04:06 PM,05:53 AM,07:41 AM,07:01 PM,9,10,11,10,21,59,85,7.1,1026,12,9,263,10,"Portugal,+Ilha+do+Faial"
2021-02-25,12,8,0.0,11.6,4,95,05:10 PM,06:39 AM,07:40 AM,07:02 PM,5,7,10,7,33,0,73,0.0,1030,12,10,197,17,"Portugal,+Ilha+do+Faial"
2021-02-26,11,7,0.0,11.6,3,100,06:17 PM,07:22 AM,07:39 AM,07:02 PM,4,6,9,6,34,4,72,0.0,1029,11,10,123,19,"Portugal,+Ilha+do+Faial"
2021-02-27,11,4,0.0,5.8,2,90,07:25 PM,08:00 AM,07:38 AM,07:03 PM,6,7,9,7,26,53,79,2.6,1025,11,10,348,16,"Portugal,+Ilha+do+Faial"
2021-02-28,12,10,0.0,5.8,3,82,08:32 PM,08:36 AM,07:37 AM,07:04 PM,9,10,11,10,22,74,82,5.4,1019,12,10,121,13,"Portugal,+Ilha+do+Faial"
2021-03-01,12,7,0.0,11.6,4,79,09:40 PM,09:10 AM,07:35 AM,07:05 PM,8,9,11,9,17,25,79,0.0,1020,12,10,283,10,"Portugal,+Ilha+do+Faial"
2021-03-02,12,8,0.0,11.6,4,72,10:48 PM,09:44 AM,07:34 AM,07:06 PM,8,10,11,10,12,39,78,0.0,1023,12,10,75,8,"Portugal,+Ilha+do+Faial"
2021-03-03,13,10,0.0,11.6,4,65,11:57 PM,10:19 AM,07:33 AM,07:06 PM,7,11,12,11,8,23,74,0.0,1024,13,10,200,5,"Portugal,+Ilha+do+Faial"
2021-03-04,14,10,0.0,8.7,3,57,No moonrise,10:57 AM,07:32 AM,07:07 PM,8,11,12,11,29,40,79,0.6,1021,14,10,299,15,"Portugal,+Ilha+do+Faial"
2021-03-05,13,10,0.0,10.2,3,50,01:06 AM,11:40 AM,07:30 AM,07:08 PM,9,10,12,10,36,35,81,0.6,1020,13,10,334,19,"Portugal,+Ilha+do+Faial"
2021-03-06,12,8,0.0,7.3,3,43,02:14 AM,12:28 PM,07:29 AM,07:09 PM,8,9,11,9,34,55,79,2.2,1022,12,10,308,19,"Portugal,+Ilha+do+Faial"
2021-03-07,13,8,0.0,11.6,4,35,03:20 AM,01:22 PM,07:28 AM,07:10 PM,8,10,12,10,19,16,76,0.0,1025,13,10,343,13,"Portugal,+Ilha+do+Faial"
2021-03-08,13,10,0.0,5.9,3,28,04:19 AM,02:21 PM,07:27 AM,07:10 PM,9,10,11,10,18,76,83,1.1,1022,13,10,100,9,"Portugal,+Ilha+do+Faial"
2021-03-09,11,7,0.0,11.6,3,21,05:12 AM,03:24 PM,07:25 AM,07:11 PM,7,8,10,8,30,43,77,0.9,1024,11,10,12,18,"Portugal,+Ilha+do+Faial"
2021-03-10,12,7,0.0,11.6,4,14,05:57 AM,04:26 PM,07:24 AM,07:12 PM,8,9,11,9,24,5,76,0.0,1026,12,10,22,16,"Portugal,+Ilha+do+Faial"
2021-03-11,13,9,0.0,11.6,4,6,06:36 AM,05:28 PM,07:23 AM,07:13 PM,10,11,12,11,21,23,83,0.0,1028,13,10,45,14,"Portugal,+Ilha+do+Faial"
2021-03-12,12,5,0.0,7.4,3,0,07:11 AM,06:28 PM,07:22 AM,07:13 PM,9,9,11,9,22,55,83,0.2,1027,12,10,52,13,"Portugal,+Ilha+do+Faial"
2021-03-13,13,11,0.0,7.4,3,0,07:41 AM,07:26 PM,07:20 AM,07:14 PM,9,10,12,10,28,66,83,0.6,1025,13,10,66,15,"Portugal,+Ilha+do+Faial"
2021-03-14,12,9,0.0,11.6,4,1,08:09 AM,08:22 PM,07:19 AM,07:15 PM,8,10,11,10,21,49,82,0.1,1024,12,10,60,13,"Portugal,+Ilha+do+Faial"
2021-03-15,14,11,0.0,11.6,4,8,08:37 AM,09:18 PM,07:18 AM,07:16 PM,9,12,13,12,16,29,78,0.0,1022,14,10,30,12,"Portugal,+Ilha+do+Faial"
2021-03-16,15,9,0.0,11.6,4,15,09:04 AM,10:12 PM,07:16 AM,07:16 PM,11,12,13,12,19,10,80,0.0,1021,15,10,30,14,"Portugal,+Ilha+do+Faial"
2021-03-17,15,11,0.0,11.6,4,23,09:33 AM,11:08 PM,07:15 AM,07:17 PM,10,12,13,12,17,0,75,0.0,1019,15,10,16,11,"Portugal,+Ilha+do+Faial"
2021-03-18,15,7,0.0,11.6,4,30,10:04 AM,No moonset,07:14 AM,07:18 PM,8,12,13,12,17,2,68,0.0,1019,15,10,251,11,"Portugal,+Ilha+do+Faial"
2021-03-19,14,8,0.0,11.6,4,37,10:38 AM,12:04 AM,07:12 AM,07:19 PM,7,11,13,11,23,0,68,0.0,1019,14,10,110,15,"Portugal,+Ilha+do+Faial"
2021-03-20,12,8,0.0,7.4,3,44,11:17 AM,01:00 AM,07:11 AM,07:19 PM,7,8,10,8,28,49,78,0.6,1020,12,10,241,16,"Portugal,+Ilha+do+Faial"
2021-03-21,12,6,0.0,11.6,4,52,12:01 PM,01:56 AM,07:10 AM,07:20 PM,6,9,11,9,24,17,73,0.1,1022,12,10,45,16,"Portugal,+Ilha+do+Faial"
2021-03-22,12,6,0.0,11.6,4,59,12:52 PM,02:51 AM,07:08 AM,07:21 PM,7,9,11,9,18,20,75,0.0,1021,12,10,43,12,"Portugal,+Ilha+do+Faial"
2021-03-23,12,9,0.0,11.6,4,66,01:49 PM,03:43 AM,07:07 AM,07:21 PM,7,10,12,10,14,10,73,0.0,1022,12,10,50,9,"Portugal,+Ilha+do+Faial"
2021-03-24,14,10,0.0,8.8,3,73,02:50 PM,04:30 AM,07:06 AM,07:22 PM,10,11,13,11,21,51,79,0.4,1023,14,10,58,14,"Portugal,+Ilha+do+Faial"
2021-03-25,14,11,0.0,8.8,3,81,03:55 PM,05:14 AM,07:04 AM,07:23 PM,11,12,14,12,29,69,82,0.5,1020,14,10,52,19,"Portugal,+Ilha+do+Faial"
2021-03-26,14,5,0.0,8.9,3,88,05:02 PM,05:54 AM,07:03 AM,07:24 PM,11,10,12,10,52,82,87,10.1,1012,14,8,47,30,"Portugal,+Ilha+do+Faial"
2021-03-27,15,9,0.0,6.1,3,95,06:10 PM,06:30 AM,07:02 AM,07:24 PM,11,11,13,11,48,83,84,22.2,1013,15,8,134,26,"Portugal,+Ilha+do+Faial"
2021-03-28,13,8,0.0,11.6,4,100,07:19 PM,07:05 AM,07:01 AM,07:25 PM,9,10,12,10,24,15,76,0.3,1021,13,10,347,17,"Portugal,+Ilha+do+Faial"
2021-03-29,15,11,0.0,10.3,3,100,08:29 PM,07:39 AM,06:59 AM,07:26 PM,9,12,13,12,19,46,78,0.6,1017,15,10,181,10,"Portugal,+Ilha+do+Faial"
2021-03-30,15,9,0.0,10.3,3,83,09:40 PM,08:14 AM,06:58 AM,07:27 PM,10,13,14,13,9,25,74,0.2,1014,15,10,207,6,"Portugal,+Ilha+do+Faial"
2021-03-31,13,11,0.0,6.4,3,79,10:52 PM,08:52 AM,06:57 AM,07:27 PM,9,11,12,11,20,62,81,14.2,1007,13,9,222,12,"Portugal,+Ilha+do+Faial"
2021-04-01,14,8,0.0,11.6,4,63,No moonrise,09:35 AM,06:55 AM,07:28 PM,9,11,12,11,17,8,80,0.0,1016,14,10,282,8,"Portugal,+Ilha+do+Faial"
2021-04-02,14,12,0.0,11.6,4,56,12:03 AM,10:22 AM,06:54 AM,07:29 PM,9,13,13,13,15,9,77,0.0,1022,14,10,59,8,"Portugal,+Ilha+do+Faial"
2021-04-03,13,10,0.0,11.6,4,48,01:12 AM,11:16 AM,06:53 AM,07:29 PM,9,11,12,11,14,18,79,0.0,1020,13,10,30,8,"Portugal,+Ilha+do+Faial"
2021-04-04,14,5,0.0,11.6,4,41,02:15 AM,12:15 PM,06:51 AM,07:30 PM,9,11,12,11,5,24,77,0.0,1018,14,10,223,4,"Portugal,+Ilha+do+Faial"
2021-04-05,13,8,0.0,11.6,4,33,03:11 AM,01:17 PM,06:50 AM,07:31 PM,8,12,13,12,5,25,71,0.0,1019,13,10,83,3,"Portugal,+Ilha+do+Faial"
2021-04-06,14,7,0.0,11.6,4,26,03:58 AM,02:20 PM,06:49 AM,07:31 PM,10,13,13,13,4,14,75,0.0,1018,14,10,243,3,"Portugal,+Ilha+do+Faial"
2021-04-07,16,9,0.0,10.3,3,18,04:38 AM,03:22 PM,06:47 AM,07:32 PM,12,14,15,14,10,32,79,0.5,1017,16,10,227,7,"Portugal,+Ilha+do+Faial"
2021-04-08,16,11,0.0,10.3,3,11,05:13 AM,04:21 PM,06:46 AM,07:33 PM,10,13,13,13,12,28,79,0.4,1017,16,10,262,6,"Portugal,+Ilha+do+Faial"
2021-04-09,15,11,0.0,10.3,3,3,05:44 AM,05:19 PM,06:45 AM,07:34 PM,10,13,13,13,9,41,79,0.8,1017,15,10,312,5,"Portugal,+Ilha+do+Faial"
2021-04-10,15,13,0.0,9.0,3,0,06:12 AM,06:15 PM,06:44 AM,07:34 PM,11,13,14,13,15,53,82,1.7,1016,15,10,290,8,"Portugal,+Ilha+do+Faial"
2021-04-11,16,8,0.0,10.3,3,0,06:39 AM,07:11 PM,06:42 AM,07:35 PM,11,13,13,13,13,49,82,0.5,1017,16,10,229,7,"Portugal,+Ilha+do+Faial"
2021-04-12,17,11,0.0,10.3,4,0,07:07 AM,08:05 PM,06:41 AM,07:36 PM,14,15,15,15,11,62,83,1.1,1018,17,10,248,6,"Portugal,+Ilha+do+Faial"
2021-04-13,17,13,0.0,10.3,4,4,07:35 AM,09:01 PM,06:40 AM,07:36 PM,12,15,15,15,14,56,81,2.2,1020,17,10,247,7,"Portugal,+Ilha+do+Faial"
2021-04-14,15,13,0.0,9.0,3,12,08:04 AM,09:57 PM,06:39 AM,07:37 PM,11,13,14,13,18,47,83,1.4,1018,15,10,301,9,"Portugal,+Ilha+do+Faial"
2021-04-15,16,11,0.0,11.6,4,19,08:37 AM,10:53 PM,06:37 AM,07:38 PM,10,12,13,12,22,16,79,0.1,1017,16,10,323,12,"Portugal,+Ilha+do+Faial"
2021-04-16,16,9,0.0,11.6,4,27,09:14 AM,11:49 PM,06:36 AM,07:39 PM,10,12,13,12,18,12,80,0.0,1019,16,10,136,10,"Portugal,+Ilha+do+Faial"
2021-04-17,16,11,0.0,11.6,4,34,09:56 AM,No moonset,06:35 AM,07:39 PM,10,14,15,14,14,4,71,0.0,1022,16,10,198,9,"Portugal,+Ilha+do+Faial"
2021-04-18,17,11,0.0,11.6,5,42,10:43 AM,12:44 AM,06:34 AM,07:40 PM,9,15,15,15,14,2,65,0.0,1023,17,10,123,10,"Portugal,+Ilha+do+Faial"
2021-04-19,17,14,0.0,11.6,5,50,11:37 AM,01:36 AM,06:33 AM,07:41 PM,9,16,16,16,13,2,65,0.0,1023,17,10,181,8,"Portugal,+Ilha+do+Faial"
2021-04-20,16,13,0.0,11.6,4,57,12:35 PM,02:24 AM,06:32 AM,07:42 PM,10,14,14,14,18,20,77,0.1,1021,16,10,152,10,"Portugal,+Ilha+do+Faial"
2021-04-21,16,12,0.0,11.6,4,65,01:37 PM,03:08 AM,06:30 AM,07:42 PM,9,14,14,14,9,10,72,0.0,1019,16,10,304,5,"Portugal,+Ilha+do+Faial"
2021-04-22,19,14,0.0,11.6,5,72,02:41 PM,03:48 AM,06:29 AM,07:43 PM,12,16,16,16,19,28,81,0.3,1015,19,10,264,10,"Portugal,+Ilha+do+Faial"
2021-04-23,16,13,0.0,11.6,4,80,03:48 PM,04:25 AM,06:28 AM,07:44 PM,11,15,15,15,27,46,77,4.1,1012,16,10,274,16,"Portugal,+Ilha+do+Faial"
2021-04-24,15,11,0.0,6.6,3,87,04:55 PM,04:59 AM,06:27 AM,07:44 PM,8,11,13,11,30,80,74,5.1,1008,15,9,267,16,"Portugal,+Ilha+do+Faial"
2021-04-25,15,12,0.0,7.8,3,95,06:04 PM,05:33 AM,06:26 AM,07:45 PM,10,12,14,12,33,72,78,4.7,1006,15,9,287,18,"Portugal,+Ilha+do+Faial"
2021-04-26,15,14,0.0,11.6,3,100,07:15 PM,06:07 AM,06:25 AM,07:46 PM,11,13,14,13,32,35,79,0.4,1009,15,10,302,17,"Portugal,+Ilha+do+Faial"
2021-04-27,15,8,0.0,11.6,3,100,08:28 PM,06:44 AM,06:24 AM,07:47 PM,10,12,13,12,17,29,81,0.7,1012,15,9,329,9,"Portugal,+Ilha+do+Faial"
2021-04-28,14,12,0.0,9.1,3,83,09:42 PM,07:25 AM,06:23 AM,07:47 PM,9,12,12,12,15,58,80,0.8,1013,14,10,293,8,"Portugal,+Ilha+do+Faial"
2021-04-29,14,11,0.0,10.4,3,75,10:55 PM,08:11 AM,06:22 AM,07:48 PM,8,11,12,11,14,47,77,2.6,1014,14,10,204,8,"Portugal,+Ilha+do+Faial"
2021-04-30,14,10,0.0,11.6,3,67,No moonrise,09:04 AM,06:21 AM,07:49 PM,6,10,12,10,23,48,70,1.5,1015,14,10,331,13,"Portugal,+Ilha+do+Faial"
2021-05-01,13,10,0.0,7.9,3,65,12:04 AM,10:04 AM,06:20 AM,07:50 PM,6,10,11,10,18,54,72,0.6,1020,13,10,14,10,"Portugal,+Ilha+do+Faial"
2021-05-02,13,5,0.0,7.9,3,58,01:04 AM,11:07 AM,06:19 AM,07:50 PM,6,9,10,9,18,44,74,0.7,1021,13,10,25,9,"Portugal,+Ilha+do+Faial"
2021-05-03,14,5,0.0,7.9,3,50,01:56 AM,12:11 PM,06:18 AM,07:51 PM,8,10,11,10,17,69,74,0.7,1020,14,10,41,10,"Portugal,+Ilha+do+Faial"
2021-05-04,14,9,0.0,11.6,4,43,02:39 AM,01:15 PM,06:17 AM,07:52 PM,8,11,13,11,21,12,70,0.1,1021,14,10,12,14,"Portugal,+Ilha+do+Faial"
2021-05-05,15,10,0.0,11.6,4,36,03:16 AM,02:15 PM,06:16 AM,07:52 PM,9,12,13,12,20,6,72,0.0,1022,15,10,55,13,"Portugal,+Ilha+do+Faial"
2021-05-06,18,11,0.0,11.6,4,29,03:48 AM,03:14 PM,06:15 AM,07:53 PM,10,13,14,13,17,9,76,0.0,1022,18,10,27,10,"Portugal,+Ilha+do+Faial"
2021-05-07,17,12,0.0,9.2,4,21,04:17 AM,04:10 PM,06:14 AM,07:54 PM,12,15,16,15,10,46,79,0.2,1021,17,10,29,7,"Portugal,+Ilha+do+Faial"
2021-05-08,17,8,0.0,11.6,5,14,04:44 AM,05:05 PM,06:14 AM,07:55 PM,11,15,15,15,11,8,72,0.0,1018,17,10,283,8,"Portugal,+Ilha+do+Faial"
2021-05-09,16,13,0.0,7.9,3,7,05:11 AM,06:00 PM,06:13 AM,07:55 PM,11,13,14,13,23,67,79,1.3,1017,16,10,322,12,"Portugal,+Ilha+do+Faial"
2021-05-10,15,11,0.0,11.6,4,0,05:38 AM,06:55 PM,06:12 AM,07:56 PM,7,12,13,12,20,18,71,0.1,1020,15,10,294,10,"Portugal,+Ilha+do+Faial"
2021-05-11,15,11,0.0,11.6,4,0,06:06 AM,07:51 PM,06:11 AM,07:57 PM,8,12,13,12,18,14,72,0.0,1025,15,10,127,10,"Portugal,+Ilha+do+Faial"
2021-05-12,17,12,0.0,11.6,5,0,06:38 AM,08:47 PM,06:10 AM,07:57 PM,9,14,14,14,13,9,69,0.0,1026,17,10,163,7,"Portugal,+Ilha+do+Faial"
2021-05-13,16,13,0.0,11.6,4,8,07:13 AM,09:44 PM,06:10 AM,07:58 PM,10,14,14,14,21,20,74,0.5,1024,16,9,143,12,"Portugal,+Ilha+do+Faial"
2021-05-14,19,12,0.0,11.6,5,15,07:54 AM,10:39 PM,06:09 AM,07:59 PM,10,14,15,14,21,1,68,0.0,1023,19,10,252,12,"Portugal,+Ilha+do+Faial"
2021-05-15,23,15,0.0,11.6,5,22,08:39 AM,11:32 PM,06:08 AM,08:00 PM,10,18,19,18,18,0,59,0.0,1021,23,10,310,11,"Portugal,+Ilha+do+Faial"
2021-05-16,24,18,0.0,11.6,6,29,09:31 AM,No moonset,06:08 AM,08:00 PM,13,20,21,20,18,0,62,0.0,1021,24,10,110,13,"Portugal,+Ilha+do+Faial"
2021-05-17,23,15,0.0,11.6,5,37,10:26 AM,12:21 AM,06:07 AM,08:01 PM,12,18,19,18,18,1,66,0.0,1024,23,10,77,11,"Portugal,+Ilha+do+Faial"
2021-05-18,23,14,0.0,11.6,5,44,11:26 AM,01:06 AM,06:06 AM,08:02 PM,13,18,19,18,21,4,73,0.0,1024,23,10,30,13,"Portugal,+Ilha+do+Faial"
2021-05-19,22,13,0.0,11.6,5,51,12:28 PM,01:46 AM,06:06 AM,08:02 PM,13,17,18,17,24,1,77,0.0,1025,22,10,21,15,"Portugal,+Ilha+do+Faial"
2021-05-20,21,17,0.0,11.6,5,58,01:32 PM,02:23 AM,06:05 AM,08:03 PM,10,19,19,19,24,0,56,0.0,1022,21,10,13,15,"Portugal,+Ilha+do+Faial"
2021-05-21,24,19,0.0,11.6,6,66,02:36 PM,02:57 AM,06:05 AM,08:04 PM,12,20,21,20,21,7,58,0.0,1021,24,10,14,16,"Portugal,+Ilha+do+Faial"
2021-05-22,16,13,0.0,9.3,3,73,03:42 PM,03:30 AM,06:04 AM,08:04 PM,11,14,15,14,37,34,81,2.8,1021,16,10,23,21,"Portugal,+Ilha+do+Faial"
2021-05-23,15,11,0.0,11.6,3,80,04:50 PM,04:02 AM,06:04 AM,08:05 PM,6,11,13,11,39,30,67,1.5,1024,15,10,17,21,"Portugal,+Ilha+do+Faial"
2021-05-24,17,11,0.0,10.5,3,88,06:01 PM,04:36 AM,06:03 AM,08:06 PM,9,12,13,12,33,40,73,0.3,1027,17,10,26,18,"Portugal,+Ilha+do+Faial"
2021-05-25,18,12,0.0,11.6,4,95,07:15 PM,05:15 AM,06:03 AM,08:06 PM,11,14,15,14,28,35,75,0.3,1025,18,10,18,18,"Portugal,+Ilha+do+Faial"
2021-05-26,17,12,0.0,11.6,5,100,08:29 PM,05:58 AM,06:02 AM,08:07 PM,11,15,16,15,17,15,74,0.0,1022,17,10,53,13,"Portugal,+Ilha+do+Faial"
2021-05-27,17,13,0.0,11.6,5,100,09:42 PM,06:48 AM,06:02 AM,08:08 PM,12,16,16,16,11,21,75,0.0,1018,17,10,152,8,"Portugal,+Ilha+do+Faial"
2021-05-28,20,14,0.0,11.6,5,83,10:49 PM,07:46 AM,06:01 AM,08:08 PM,12,17,17,17,9,4,70,0.0,1019,20,10,44,7,"Portugal,+Ilha+do+Faial"
2021-05-29,20,14,0.0,11.6,5,76,11:47 PM,08:49 AM,06:01 AM,08:09 PM,14,17,18,17,15,9,75,0.0,1021,20,10,25,13,"Portugal,+Ilha+do+Faial"
2021-05-30,20,12,0.0,11.6,4,69,No moonrise,09:56 AM,06:01 AM,08:09 PM,15,16,17,16,16,48,82,0.7,1019,20,10,208,13,"Portugal,+Ilha+do+Faial"
2021-05-31,20,14,0.0,14.1,5,65,12:35 AM,11:03 AM,06:00 AM,08:10 PM,12,17,17,17,13,15,75,0.0,1017,20,10,327,10,"Portugal,+Ilha+do+Faial"
2021-06-01,15,9,0.0,12.2,3,49,01:16 AM,12:06 PM,06:00 AM,08:11 PM,11,13,14,13,7,38,81,0.9,1017,15,10,277,4,"Portugal,+Ilha+do+Faial"
2021-06-02,15,7,0.0,8.8,3,41,01:50 AM,01:07 PM,06:00 AM,08:11 PM,12,12,13,12,24,86,84,6.9,1018,15,9,116,14,"Portugal,+Ilha+do+Faial"
2021-06-03,14,6,0.0,10.0,3,34,02:20 AM,02:04 PM,06:00 AM,08:12 PM,9,10,12,10,33,74,78,6.9,1023,14,9,36,18,"Portugal,+Ilha+do+Faial"
2021-06-04,18,11,0.0,14.1,4,26,02:48 AM,03:00 PM,06:00 AM,08:12 PM,8,13,14,13,24,17,70,0.3,1026,18,10,24,14,"Portugal,+Ilha+do+Faial"
2021-06-05,15,7,0.0,11.3,3,19,03:15 AM,03:55 PM,05:59 AM,08:13 PM,11,13,15,13,21,52,78,1.0,1026,15,10,12,14,"Portugal,+Ilha+do+Faial"
2021-06-06,19,10,0.0,13.4,4,11,03:42 AM,04:49 PM,05:59 AM,08:13 PM,13,15,16,15,18,33,76,0.4,1024,19,10,24,14,"Portugal,+Ilha+do+Faial"
2021-06-07,21,13,0.0,14.5,5,4,04:09 AM,05:45 PM,05:59 AM,08:14 PM,14,17,19,17,17,1,76,0.0,1022,21,10,27,15,"Portugal,+Ilha+do+Faial"
2021-06-08,24,18,0.0,14.5,6,0,04:40 AM,06:41 PM,05:59 AM,08:14 PM,15,20,21,20,15,8,73,0.0,1022,24,10,41,12,"Portugal,+Ilha+do+Faial"
2021-06-09,24,18,0.0,11.3,5,0,05:14 AM,07:38 PM,05:59 AM,08:15 PM,14,20,21,20,13,53,69,0.6,1021,24,10,39,9,"Portugal,+Ilha+do+Faial"
2021-06-10,25,19,0.0,14.5,6,0,05:53 AM,08:33 PM,05:59 AM,08:15 PM,16,22,22,21,11,1,72,0.0,1020,25,10,35,9,"Portugal,+Ilha+do+Faial"
2021-06-11,23,18,0.0,14.5,6,4,06:36 AM,09:28 PM,05:59 AM,08:15 PM,14,20,20,20,17,0,67,0.0,1020,23,10,22,13,"Portugal,+Ilha+do+Faial"
2021-06-12,19,15,0.0,14.5,5,11,07:27 AM,10:19 PM,05:59 AM,08:16 PM,11,17,17,17,20,12,65,0.0,1021,19,10,86,12,"Portugal,+Ilha+do+Faial"
2021-06-13,19,13,0.0,14.5,5,19,08:21 AM,11:05 PM,05:59 AM,08:16 PM,11,16,16,16,19,14,75,0.0,1023,19,10,295,10,"Portugal,+Ilha+do+Faial"
2021-06-14,18,13,0.0,14.5,5,26,09:20 AM,11:47 PM,05:59 AM,08:17 PM,13,16,17,16,15,11,79,0.0,1023,18,10,287,10,"Portugal,+Ilha+do+Faial"
2021-06-15,18,13,0.0,12.3,4,34,10:21 AM,No moonset,05:59 AM,08:17 PM,14,16,17,16,12,48,78,0.5,1019,18,10,323,9,"Portugal,+Ilha+do+Faial"
2021-06-16,19,13,0.0,11.3,4,42,11:23 AM,12:24 AM,05:59 AM,08:17 PM,13,16,16,16,20,47,79,0.4,1019,19,10,330,11,"Portugal,+Ilha+do+Faial"
2021-06-17,17,13,0.0,9.1,4,49,12:25 PM,12:58 AM,05:59 AM,08:18 PM,12,14,15,14,21,66,83,2.2,1020,17,10,211,11,"Portugal,+Ilha+do+Faial"
2021-06-18,16,11,0.0,13.4,4,57,01:29 PM,01:30 AM,05:59 AM,08:18 PM,8,12,13,12,26,25,70,0.2,1022,16,10,277,14,"Portugal,+Ilha+do+Faial"
2021-06-19,17,10,0.0,14.5,4,64,02:33 PM,02:01 AM,05:59 AM,08:18 PM,8,13,14,13,22,18,70,0.4,1024,17,10,336,11,"Portugal,+Ilha+do+Faial"
2021-06-20,19,12,0.0,14.2,5,72,03:41 PM,02:33 AM,06:00 AM,08:18 PM,12,15,16,15,18,31,80,0.1,1022,19,10,323,9,"Portugal,+Ilha+do+Faial"
2021-06-21,16,7,0.0,12.2,3,79,04:50 PM,03:08 AM,06:00 AM,08:18 PM,11,13,14,13,22,53,77,0.5,1021,16,10,236,12,"Portugal,+Ilha+do+Faial"
2021-06-22,17,12,0.0,10.0,4,87,06:03 PM,03:47 AM,06:00 AM,08:19 PM,10,14,15,14,25,56,77,0.7,1023,17,10,102,13,"Portugal,+Ilha+do+Faial"
2021-06-23,17,10,0.0,11.1,4,94,07:17 PM,04:33 AM,06:00 AM,08:19 PM,12,14,15,14,24,66,79,1.2,1023,17,9,25,16,"Portugal,+Ilha+do+Faial"
2021-06-24,20,14,0.0,11.6,5,100,08:27 PM,05:27 AM,06:01 AM,08:19 PM,12,17,17,17,16,5,71,0.0,1021,20,10,43,13,"Portugal,+Ilha+do+Faial"
2021-06-25,20,15,0.0,11.6,5,100,09:31 PM,06:28 AM,06:01 AM,08:19 PM,13,18,18,18,9,10,75,0.0,1020,20,10,108,7,"Portugal,+Ilha+do+Faial"
2021-06-26,19,13,0.0,11.6,5,83,10:24 PM,07:35 AM,06:01 AM,08:19 PM,14,17,17,17,11,6,77,0.0,1021,19,10,183,8,"Portugal,+Ilha+do+Faial"
2021-06-27,22,15,0.0,11.6,5,75,11:10 PM,08:43 AM,06:02 AM,08:19 PM,13,18,19,18,12,2,73,0.0,1021,22,10,102,8,"Portugal,+Ilha+do+Faial"
2021-06-28,21,13,0.0,11.6,5,68,11:48 PM,09:50 AM,06:02 AM,08:19 PM,12,17,18,17,20,1,75,0.0,1024,21,10,29,12,"Portugal,+Ilha+do+Faial"
2021-06-29,23,14,0.0,11.6,5,60,No moonrise,10:54 AM,06:02 AM,08:19 PM,14,18,19,18,19,5,79,0.0,1025,23,10,21,11,"Portugal,+Ilha+do+Faial"
2021-06-30,20,13,0.0,11.6,5,53,12:20 AM,11:54 AM,06:03 AM,08:19 PM,15,17,18,17,10,18,83,0.0,1022,20,10,116,6,"Portugal,+Ilha+do+Faial"
2021-07-01,22,15,0.0,11.6,5,51,12:49 AM,12:52 PM,06:03 AM,08:19 PM,16,19,20,19,5,7,79,0.0,1021,22,10,163,4,"Portugal,+Ilha+do+Faial"
2021-07-02,25,17,0.0,11.6,6,44,01:17 AM,01:48 PM,06:03 AM,08:19 PM,17,22,22,21,4,2,74,0.0,1021,25,10,277,3,"Portugal,+Ilha+do+Faial"
2021-07-03,22,17,0.0,11.6,5,36,01:44 AM,02:42 PM,06:04 AM,08:19 PM,17,20,21,20,8,19,80,0.1,1022,22,10,196,5,"Portugal,+Ilha+do+Faial"
2021-07-04,24,16,0.0,11.6,6,29,02:11 AM,03:38 PM,06:04 AM,08:19 PM,15,20,20,20,15,13,78,0.1,1022,24,10,111,9,"Portugal,+Ilha+do+Faial"
2021-07-05,26,19,0.0,11.6,6,22,02:41 AM,04:34 PM,06:05 AM,08:19 PM,17,23,23,22,12,0,73,0.0,1021,26,10,267,9,"Portugal,+Ilha+do+Faial"
2021-07-06,22,18,0.0,11.6,6,15,03:14 AM,05:31 PM,06:05 AM,08:19 PM,16,20,21,20,13,13,79,0.3,1020,22,10,228,8,"Portugal,+Ilha+do+Faial"
2021-07-07,21,16,0.0,7.1,4,7,03:51 AM,06:27 PM,06:06 AM,08:19 PM,16,18,18,18,19,61,87,1.5,1023,21,10,126,12,"Portugal,+Ilha+do+Faial"
2021-07-08,23,15,0.0,11.6,5,0,04:33 AM,07:22 PM,06:06 AM,08:18 PM,13,18,19,18,24,11,74,0.0,1025,23,10,20,16,"Portugal,+Ilha+do+Faial"
2021-07-09,23,19,0.0,11.6,5,0,05:22 AM,08:15 PM,06:07 AM,08:18 PM,16,21,21,21,20,13,74,0.1,1022,23,10,5,17,"Portugal,+Ilha+do+Faial"
2021-07-10,25,19,0.0,11.6,6,0,06:15 AM,09:03 PM,06:07 AM,08:18 PM,17,23,23,22,18,1,74,0.0,1018,25,10,33,16,"Portugal,+Ilha+do+Faial"
2021-07-11,26,20,0.0,11.6,6,7,07:14 AM,09:47 PM,06:08 AM,08:18 PM,18,24,24,23,15,1,74,0.0,1017,26,10,70,13,"Portugal,+Ilha+do+Faial"
2021-07-12,25,19,0.0,11.6,6,14,08:14 AM,10:25 PM,06:08 AM,08:17 PM,17,23,23,22,24,7,77,0.0,1022,25,10,38,19,"Portugal,+Ilha+do+Faial"
2021-07-13,23,15,0.0,11.6,5,22,09:17 AM,11:00 PM,06:09 AM,08:17 PM,14,18,19,18,29,20,77,0.0,1024,23,10,37,18,"Portugal,+Ilha+do+Faial"
2021-07-14,21,14,0.0,11.6,5,29,10:19 AM,11:33 PM,06:10 AM,08:17 PM,16,19,20,19,19,3,76,0.0,1021,21,10,17,14,"Portugal,+Ilha+do+Faial"
2021-07-15,24,17,0.0,11.6,6,36,11:22 AM,No moonset,06:10 AM,08:16 PM,17,20,21,20,13,2,74,0.0,1018,24,10,171,11,"Portugal,+Ilha+do+Faial"
2021-07-16,26,20,0.0,11.6,6,43,12:25 PM,12:03 AM,06:11 AM,08:16 PM,18,23,23,22,9,4,76,0.0,1018,26,10,223,8,"Portugal,+Ilha+do+Faial"
2021-07-17,26,20,0.0,11.6,6,51,01:30 PM,12:34 AM,06:11 AM,08:15 PM,18,24,24,23,9,2,75,0.0,1020,26,10,66,8,"Portugal,+Ilha+do+Faial"
2021-07-18,26,20,0.0,11.6,6,58,02:36 PM,01:07 AM,06:12 AM,08:15 PM,18,24,24,23,10,0,74,0.0,1021,26,10,22,9,"Portugal,+Ilha+do+Faial"
2021-07-19,24,17,0.0,11.6,5,65,03:46 PM,01:43 AM,06:13 AM,08:14 PM,15,20,21,20,17,4,77,0.0,1020,24,10,44,12,"Portugal,+Ilha+do+Faial"
2021-07-20,24,17,0.0,11.6,6,73,04:57 PM,02:24 AM,06:13 AM,08:14 PM,15,20,20,20,15,3,75,0.0,1021,24,10,102,11,"Portugal,+Ilha+do+Faial"
2021-07-21,26,19,0.0,11.6,6,80,06:07 PM,03:13 AM,06:14 AM,08:13 PM,16,23,23,22,10,0,70,0.0,1022,26,10,126,8,"Portugal,+Ilha+do+Faial"
2021-07-22,26,20,0.0,11.6,6,87,07:13 PM,04:10 AM,06:14 AM,08:13 PM,17,24,24,23,10,1,69,0.0,1021,26,10,339,8,"Portugal,+Ilha+do+Faial"
2021-07-23,25,18,0.0,11.6,6,94,08:11 PM,05:14 AM,06:15 AM,08:12 PM,17,21,22,21,15,9,77,0.0,1020,25,10,238,12,"Portugal,+Ilha+do+Faial"
2021-07-24,26,16,0.0,11.6,6,100,09:00 PM,06:21 AM,06:16 AM,08:11 PM,16,20,21,20,21,6,76,0.0,1020,26,10,16,14,"Portugal,+Ilha+do+Faial"
2021-07-25,26,18,0.0,11.6,6,100,09:42 PM,07:30 AM,06:16 AM,08:11 PM,17,22,22,21,16,0,76,0.0,1020,26,10,261,10,"Portugal,+Ilha+do+Faial"
2021-07-26,26,17,0.0,11.6,6,84,10:17 PM,08:36 AM,06:17 AM,08:10 PM,17,22,22,21,15,6,80,0.0,1021,26,10,236,10,"Portugal,+Ilha+do+Faial"
2021-07-27,23,19,0.0,9.3,5,77,10:48 PM,09:40 AM,06:18 AM,08:09 PM,17,21,21,21,18,36,80,0.3,1020,23,10,13,14,"Portugal,+Ilha+do+Faial"
2021-07-28,25,19,0.0,9.3,5,69,11:17 PM,10:39 AM,06:18 AM,08:09 PM,18,21,22,21,17,47,80,0.4,1018,25,10,9,14,"Portugal,+Ilha+do+Faial"
2021-07-29,22,18,0.0,9.3,5,62,11:45 PM,11:37 AM,06:19 AM,08:08 PM,17,21,22,21,19,54,79,0.4,1019,22,10,23,15,"Portugal,+Ilha+do+Faial"
2021-07-30,25,18,0.0,11.6,6,55,No moonrise,12:33 PM,06:20 AM,08:07 PM,17,23,23,22,18,8,75,0.0,1020,25,10,20,16,"Portugal,+Ilha+do+Faial"
2021-07-31,22,15,0.0,11.6,5,51,12:12 AM,01:29 PM,06:20 AM,08:06 PM,14,18,18,18,28,16,78,0.1,1023,22,10,14,16,"Portugal,+Ilha+do+Faial"
2021-08-01,20,15,0.0,11.6,4,40,12:41 AM,02:25 PM,06:21 AM,08:06 PM,12,17,17,17,27,17,74,0.1,1022,20,10,40,15,"Portugal,+Ilha+do+Faial"
2021-08-02,20,14,0.0,10.4,4,33,01:13 AM,03:22 PM,06:22 AM,08:05 PM,14,17,18,17,18,26,80,0.9,1020,20,10,234,10,"Portugal,+Ilha+do+Faial"
2021-08-03,20,13,0.0,9.3,4,26,01:48 AM,04:18 PM,06:22 AM,08:04 PM,16,18,19,18,18,33,79,0.2,1021,20,10,20,13,"Portugal,+Ilha+do+Faial"
2021-08-04,25,16,0.0,11.6,6,18,02:28 AM,05:14 PM,06:23 AM,08:03 PM,16,20,21,20,19,10,78,0.0,1024,25,10,11,13,"Portugal,+Ilha+do+Faial"
2021-08-05,26,20,0.0,11.6,6,11,03:14 AM,06:08 PM,06:24 AM,08:02 PM,18,23,23,22,14,6,79,0.0,1023,26,10,246,10,"Portugal,+Ilha+do+Faial"
2021-08-06,26,18,0.0,11.6,6,4,04:06 AM,06:58 PM,06:25 AM,08:01 PM,17,21,21,21,16,13,80,0.0,1020,26,10,303,10,"Portugal,+Ilha+do+Faial"
2021-08-07,21,16,0.0,9.2,4,0,05:04 AM,07:44 PM,06:25 AM,08:00 PM,15,18,19,18,15,31,83,1.3,1019,21,10,226,8,"Portugal,+Ilha+do+Faial"
2021-08-08,18,10,0.0,6.7,4,0,06:05 AM,08:24 PM,06:26 AM,07:59 PM,14,16,16,16,18,75,83,1.5,1020,18,10,25,10,"Portugal,+Ilha+do+Faial"
2021-08-09,19,13,0.0,11.6,4,3,07:08 AM,09:01 PM,06:27 AM,07:59 PM,14,16,17,16,12,35,79,0.5,1021,19,10,298,8,"Portugal,+Ilha+do+Faial"
2021-08-10,23,17,0.0,6.7,5,11,08:11 AM,09:34 PM,06:27 AM,07:58 PM,17,21,22,21,7,51,80,0.8,1020,23,10,276,6,"Portugal,+Ilha+do+Faial"
2021-08-11,24,20,0.0,9.1,5,18,09:15 AM,10:06 PM,06:28 AM,07:57 PM,18,23,23,22,12,64,81,1.2,1021,24,10,126,10,"Portugal,+Ilha+do+Faial"
2021-08-12,24,17,0.0,10.4,5,25,10:18 AM,10:37 PM,06:29 AM,07:56 PM,18,23,23,21,13,46,81,0.7,1022,24,10,81,11,"Portugal,+Ilha+do+Faial"
2021-08-13,23,15,0.0,11.6,6,32,11:23 AM,11:09 PM,06:29 AM,07:55 PM,18,20,22,20,11,8,78,0.0,1022,23,10,47,10,"Portugal,+Ilha+do+Faial"
2021-08-14,27,20,0.0,11.6,6,40,12:29 PM,11:44 PM,06:30 AM,07:54 PM,19,24,24,23,12,4,75,0.0,1020,27,10,54,10,"Portugal,+Ilha+do+Faial"
2021-08-15,30,23,0.0,11.6,7,47,01:37 PM,No moonset,06:31 AM,07:52 PM,17,28,28,26,16,11,57,0.0,1018,30,10,25,12,"Portugal,+Ilha+do+Faial"
2021-08-16,32,25,0.0,11.6,7,54,02:45 PM,12:22 AM,06:31 AM,07:51 PM,15,29,29,28,18,5,44,0.0,1019,32,10,27,13,"Portugal,+Ilha+do+Faial"
2021-08-17,30,24,0.0,11.6,7,61,03:55 PM,01:07 AM,06:32 AM,07:50 PM,15,27,27,26,22,0,50,0.0,1022,30,10,29,15,"Portugal,+Ilha+do+Faial"
2021-08-18,23,18,0.0,11.6,6,69,05:00 PM,01:59 AM,06:33 AM,07:49 PM,14,24,24,22,20,1,58,0.0,1022,23,10,18,12,"Portugal,+Ilha+do+Faial"
2021-08-19,23,16,0.0,11.6,6,76,06:00 PM,02:59 AM,06:33 AM,07:48 PM,16,20,22,20,15,0,68,0.0,1019,23,10,31,10,"Portugal,+Ilha+do+Faial"
2021-08-20,25,19,0.0,11.6,6,83,06:52 PM,04:04 AM,06:34 AM,07:47 PM,17,21,23,21,8,2,73,0.0,1018,25,10,50,6,"Portugal,+Ilha+do+Faial"
2021-08-21,25,19,0.0,11.6,6,91,07:36 PM,05:12 AM,06:35 AM,07:46 PM,17,22,23,22,8,2,77,0.0,1020,25,10,32,6,"Portugal,+Ilha+do+Faial"
2021-08-22,26,20,0.0,11.6,6,98,08:13 PM,06:18 AM,06:35 AM,07:45 PM,17,23,23,22,8,2,74,0.0,1022,26,10,55,7,"Portugal,+Ilha+do+Faial"
2021-08-23,24,21,0.0,11.6,6,100,08:46 PM,07:23 AM,06:36 AM,07:43 PM,18,23,23,22,11,2,77,0.0,1021,24,10,208,10,"Portugal,+Ilha+do+Faial"
2021-08-24,22,16,0.0,11.6,6,88,09:16 PM,08:25 AM,06:37 AM,07:42 PM,16,20,21,20,17,7,78,0.0,1019,22,10,339,11,"Portugal,+Ilha+do+Faial"
2021-08-25,21,16,0.0,11.6,5,80,09:44 PM,09:24 AM,06:37 AM,07:41 PM,16,19,21,19,11,5,78,0.0,1016,21,10,333,7,"Portugal,+Ilha+do+Faial"
2021-08-26,22,15,0.0,11.6,5,73,10:11 PM,10:21 AM,06:38 AM,07:40 PM,16,19,20,19,7,18,81,0.0,1015,22,10,253,5,"Portugal,+Ilha+do+Faial"
2021-08-27,22,16,0.0,10.3,5,66,10:40 PM,11:18 AM,06:39 AM,07:39 PM,18,20,23,20,14,30,81,0.1,1016,22,10,279,10,"Portugal,+Ilha+do+Faial"
2021-08-28,20,10,0.0,9.0,4,59,11:11 PM,12:14 PM,06:39 AM,07:37 PM,16,18,18,18,3,54,82,0.2,1019,20,10,273,2,"Portugal,+Ilha+do+Faial"
2021-08-29,21,16,0.0,11.6,5,51,11:45 PM,01:11 PM,06:40 AM,07:36 PM,15,18,19,18,9,15,79,0.0,1019,21,10,285,5,"Portugal,+Ilha+do+Faial"
2021-08-30,21,13,0.0,9.0,4,44,No moonrise,02:08 PM,06:41 AM,07:35 PM,17,18,19,18,9,35,84,1.1,1017,21,10,288,5,"Portugal,+Ilha+do+Faial"
2021-08-31,22,16,0.0,9.0,5,40,12:22 AM,03:04 PM,06:41 AM,07:34 PM,18,20,21,20,10,46,83,0.6,1017,22,10,292,7,"Portugal,+Ilha+do+Faial"
2021-09-01,22,19,0.0,9.0,5,23,01:06 AM,03:59 PM,06:42 AM,07:32 PM,17,20,21,20,13,36,84,0.2,1018,22,10,311,7,"Portugal,+Ilha+do+Faial"
2021-09-02,22,15,0.0,10.3,4,16,01:56 AM,04:50 PM,06:43 AM,07:31 PM,17,19,20,19,8,33,84,0.2,1019,22,10,176,4,"Portugal,+Ilha+do+Faial"
2021-09-03,22,15,0.0,11.6,5,8,02:50 AM,05:37 PM,06:43 AM,07:30 PM,17,19,20,19,8,16,80,0.0,1019,22,10,47,5,"Portugal,+Ilha+do+Faial"
2021-09-04,22,12,0.0,11.6,6,0,03:50 AM,06:20 PM,06:44 AM,07:28 PM,18,20,22,20,9,23,80,0.0,1015,22,10,159,7,"Portugal,+Ilha+do+Faial"
2021-09-05,23,16,0.0,10.3,5,0,04:53 AM,06:58 PM,06:45 AM,07:27 PM,18,20,23,20,14,29,80,0.1,1011,23,10,224,10,"Portugal,+Ilha+do+Faial"
2021-09-06,23,18,0.0,9.0,5,0,05:57 AM,07:33 PM,06:45 AM,07:26 PM,17,21,22,21,13,36,80,0.2,1013,23,10,271,8,"Portugal,+Ilha+do+Faial"
2021-09-07,22,16,0.0,9.0,4,0,07:02 AM,08:06 PM,06:46 AM,07:24 PM,16,19,20,19,12,32,81,0.2,1017,22,10,285,6,"Portugal,+Ilha+do+Faial"
2021-09-08,21,17,0.0,11.6,5,7,08:07 AM,08:37 PM,06:47 AM,07:23 PM,16,19,19,19,8,25,82,0.0,1019,21,10,292,4,"Portugal,+Ilha+do+Faial"
2021-09-09,23,17,0.0,11.6,5,14,09:13 AM,09:10 PM,06:47 AM,07:22 PM,16,19,20,19,9,26,80,0.0,1020,23,10,150,5,"Portugal,+Ilha+do+Faial"
2021-09-10,22,17,0.0,9.0,4,22,10:20 AM,09:44 PM,06:48 AM,07:20 PM,15,19,20,19,8,37,78,0.0,1020,22,10,192,4,"Portugal,+Ilha+do+Faial"
2021-09-11,23,18,0.0,11.6,6,30,11:29 AM,10:21 PM,06:48 AM,07:19 PM,16,21,22,21,7,7,74,0.0,1018,23,10,252,5,"Portugal,+Ilha+do+Faial"
2021-09-12,21,18,0.0,6.3,5,37,12:38 PM,11:05 PM,06:49 AM,07:18 PM,15,20,21,20,23,61,77,1.0,1013,21,10,271,15,"Portugal,+Ilha+do+Faial"
2021-09-13,20,17,0.0,7.6,4,45,01:48 PM,11:55 PM,06:50 AM,07:16 PM,14,18,18,18,26,44,78,0.7,1011,20,10,292,14,"Portugal,+Ilha+do+Faial"
2021-09-14,22,16,0.0,11.6,5,52,02:54 PM,No moonset,06:50 AM,07:15 PM,14,19,19,19,24,20,77,0.1,1012,22,10,307,13,"Portugal,+Ilha+do+Faial"
2021-09-15,22,16,0.0,10.3,4,60,03:55 PM,12:51 AM,06:51 AM,07:14 PM,15,19,19,19,18,27,79,0.1,1019,22,10,298,10,"Portugal,+Ilha+do+Faial"
2021-09-16,21,17,0.0,10.3,4,67,04:48 PM,01:54 AM,06:52 AM,07:12 PM,15,19,19,19,21,63,80,0.6,1021,21,10,96,12,"Portugal,+Ilha+do+Faial"
2021-09-17,25,17,0.0,11.6,5,75,05:33 PM,02:59 AM,06:52 AM,07:11 PM,16,21,22,21,17,33,77,0.3,1021,25,10,15,13,"Portugal,+Ilha+do+Faial"
2021-09-18,22,17,0.0,8.9,4,82,06:12 PM,04:05 AM,06:53 AM,07:09 PM,16,19,20,19,22,58,84,1.0,1021,22,10,68,13,"Portugal,+Ilha+do+Faial"
2021-09-19,23,16,0.0,11.6,5,90,06:45 PM,05:10 AM,06:54 AM,07:08 PM,14,18,18,18,23,41,78,0.1,1022,23,10,36,14,"Portugal,+Ilha+do+Faial"
2021-09-20,26,16,0.0,11.6,5,97,07:16 PM,06:12 AM,06:54 AM,07:07 PM,14,18,19,18,24,21,75,0.1,1024,26,10,28,14,"Portugal,+Ilha+do+Faial"
2021-09-21,20,16,0.0,11.6,5,100,07:44 PM,07:12 AM,06:55 AM,07:05 PM,14,19,19,19,20,25,76,0.0,1021,20,10,99,14,"Portugal,+Ilha+do+Faial"
2021-09-22,19,16,0.0,11.6,5,87,08:11 PM,08:10 AM,06:56 AM,07:04 PM,14,19,19,19,21,22,74,0.0,1019,19,10,12,14,"Portugal,+Ilha+do+Faial"
2021-09-23,19,16,0.0,11.6,5,80,08:39 PM,09:07 AM,06:56 AM,07:03 PM,13,18,18,18,17,30,76,0.1,1018,19,10,57,10,"Portugal,+Ilha+do+Faial"
2021-09-24,20,14,0.0,11.6,4,72,09:09 PM,10:04 AM,06:57 AM,07:01 PM,12,16,16,16,14,22,76,0.1,1018,20,10,219,7,"Portugal,+Ilha+do+Faial"
2021-09-25,20,14,0.0,11.6,5,65,09:42 PM,11:01 AM,06:58 AM,07:00 PM,11,16,16,16,6,11,74,0.0,1019,20,10,208,3,"Portugal,+Ilha+do+Faial"
2021-09-26,21,15,0.0,11.6,5,57,10:17 PM,11:58 AM,06:58 AM,06:59 PM,13,18,18,18,6,6,75,0.0,1021,21,10,113,4,"Portugal,+Ilha+do+Faial"
2021-09-27,21,15,0.0,11.6,5,50,10:59 PM,12:54 PM,06:59 AM,06:57 PM,15,19,19,19,14,32,78,0.1,1024,21,10,60,10,"Portugal,+Ilha+do+Faial"
2021-09-28,24,16,0.0,11.6,6,42,11:46 PM,01:49 PM,07:00 AM,06:56 PM,16,20,20,20,16,12,78,0.0,1025,24,10,23,12,"Portugal,+Ilha+do+Faial"
2021-09-29,25,17,0.0,11.5,5,35,No moonrise,02:41 PM,07:00 AM,06:54 PM,16,20,20,20,28,28,79,0.1,1026,25,10,31,18,"Portugal,+Ilha+do+Faial"
2021-09-30,22,17,0.0,11.5,6,27,12:37 AM,03:30 PM,07:01 AM,06:53 PM,16,20,21,20,27,11,78,0.0,1025,22,10,28,22,"Portugal,+Ilha+do+Faial"
2021-10-01,25,17,0.0,11.5,6,26,01:35 AM,04:14 PM,07:02 AM,06:52 PM,17,21,22,21,23,8,78,0.0,1024,25,10,29,18,"Portugal,+Ilha+do+Faial"
2021-10-02,27,16,0.0,11.5,6,19,02:35 AM,04:53 PM,07:02 AM,06:50 PM,16,20,21,20,18,13,79,0.0,1022,27,10,25,12,"Portugal,+Ilha+do+Faial"
2021-10-03,23,15,0.0,11.5,5,12,03:39 AM,05:30 PM,07:03 AM,06:49 PM,14,18,19,18,15,4,76,0.0,1021,23,10,336,8,"Portugal,+Ilha+do+Faial"
2021-10-04,21,15,0.0,11.4,4,4,04:43 AM,06:03 PM,07:04 AM,06:48 PM,13,17,17,17,26,36,75,0.3,1023,21,10,36,15,"Portugal,+Ilha+do+Faial"
2021-10-05,21,13,0.0,11.4,5,0,05:49 AM,06:35 PM,07:04 AM,06:46 PM,12,16,17,16,24,11,75,0.0,1024,21,10,34,14,"Portugal,+Ilha+do+Faial"
2021-10-06,21,17,0.0,11.4,5,0,06:55 AM,07:07 PM,07:05 AM,06:45 PM,16,19,20,19,16,27,82,0.0,1021,21,10,45,11,"Portugal,+Ilha+do+Faial"
2021-10-07,21,18,0.0,11.4,5,3,08:03 AM,07:41 PM,07:06 AM,06:44 PM,16,20,20,20,12,26,80,0.0,1020,21,10,29,9,"Portugal,+Ilha+do+Faial"
2021-10-08,20,17,0.0,11.4,5,10,09:14 AM,08:18 PM,07:07 AM,06:43 PM,16,20,20,20,11,27,80,0.0,1021,20,10,32,8,"Portugal,+Ilha+do+Faial"
2021-10-09,20,17,0.0,11.3,5,17,10:25 AM,09:00 PM,07:07 AM,06:41 PM,16,19,19,19,17,20,80,0.0,1022,20,10,14,12,"Portugal,+Ilha+do+Faial"
2021-10-10,20,16,0.0,7.1,4,25,11:38 AM,09:49 PM,07:08 AM,06:40 PM,15,18,18,18,19,40,82,0.3,1020,20,10,179,12,"Portugal,+Ilha+do+Faial"
2021-10-11,20,15,0.0,11.3,5,32,12:47 PM,10:45 PM,07:09 AM,06:39 PM,13,18,18,18,13,26,76,0.0,1018,20,10,307,8,"Portugal,+Ilha+do+Faial"
2021-10-12,19,14,0.0,11.3,5,39,01:51 PM,11:47 PM,07:09 AM,06:38 PM,12,18,17,18,7,17,71,0.0,1017,19,10,219,4,"Portugal,+Ilha+do+Faial"
2021-10-13,19,14,0.0,11.3,5,46,02:46 PM,No moonset,07:10 AM,06:36 PM,11,17,17,17,4,10,69,0.0,1018,19,10,269,2,"Portugal,+Ilha+do+Faial"
2021-10-14,23,15,0.0,11.2,5,54,03:34 PM,12:52 AM,07:11 AM,06:35 PM,14,20,20,20,6,7,72,0.0,1020,23,10,153,5,"Portugal,+Ilha+do+Faial"
2021-10-15,25,16,0.0,11.2,6,61,04:13 PM,01:57 AM,07:12 AM,06:34 PM,14,20,21,20,9,1,69,0.0,1021,25,10,27,7,"Portugal,+Ilha+do+Faial"
2021-10-16,25,19,0.0,11.2,6,68,04:48 PM,03:02 AM,07:12 AM,06:33 PM,16,21,22,21,6,8,74,0.0,1020,25,10,62,5,"Portugal,+Ilha+do+Faial"
2021-10-17,23,17,0.0,11.2,6,76,05:18 PM,04:03 AM,07:13 AM,06:32 PM,14,21,22,21,7,16,67,0.0,1019,23,10,98,5,"Portugal,+Ilha+do+Faial"
2021-10-18,24,17,0.0,11.2,6,83,05:47 PM,05:03 AM,07:14 AM,06:30 PM,14,21,22,21,6,5,63,0.0,1019,24,10,207,4,"Portugal,+Ilha+do+Faial"
2021-10-19,22,19,0.0,10.1,5,90,06:13 PM,06:01 AM,07:15 AM,06:29 PM,12,20,21,20,6,29,61,0.0,1021,22,10,275,3,"Portugal,+Ilha+do+Faial"
2021-10-20,24,19,0.0,11.1,6,97,06:41 PM,06:58 AM,07:16 AM,06:28 PM,17,21,22,21,9,18,75,0.0,1024,24,10,189,6,"Portugal,+Ilha+do+Faial"
2021-10-21,19,15,0.0,10.1,4,100,07:10 PM,07:55 AM,07:16 AM,06:27 PM,14,17,17,17,24,33,81,0.0,1025,19,10,29,13,"Portugal,+Ilha+do+Faial"
2021-10-22,18,14,0.0,7.1,4,88,07:41 PM,08:51 AM,07:17 AM,06:26 PM,12,16,16,16,24,46,78,0.2,1023,18,10,28,13,"Portugal,+Ilha+do+Faial"
2021-10-23,20,14,0.0,11.1,5,81,08:15 PM,09:49 AM,07:18 AM,06:25 PM,12,17,17,17,19,19,73,0.0,1022,20,10,25,13,"Portugal,+Ilha+do+Faial"
2021-10-24,18,14,0.0,11.1,5,74,08:54 PM,10:45 AM,07:19 AM,06:24 PM,12,17,17,17,22,20,74,0.0,1023,18,10,28,14,"Portugal,+Ilha+do+Faial"
2021-10-25,18,15,0.0,10.1,4,66,09:39 PM,11:42 AM,07:20 AM,06:23 PM,14,18,18,18,22,55,79,0.6,1023,18,10,30,15,"Portugal,+Ilha+do+Faial"
2021-10-26,19,14,0.0,11.0,5,59,10:28 PM,12:34 PM,07:20 AM,06:22 PM,12,17,17,17,18,17,75,0.0,1023,19,10,25,12,"Portugal,+Ilha+do+Faial"
2021-10-27,18,15,0.0,11.0,5,52,11:23 PM,01:24 PM,07:21 AM,06:21 PM,13,17,17,17,14,18,76,0.0,1022,18,10,20,10,"Portugal,+Ilha+do+Faial"
2021-10-28,18,13,0.0,11.0,5,44,No moonrise,02:09 PM,07:22 AM,06:20 PM,12,16,16,16,9,12,74,0.0,1020,18,10,150,6,"Portugal,+Ilha+do+Faial"
2021-10-29,20,14,0.0,11.0,5,37,12:21 AM,02:49 PM,07:23 AM,06:19 PM,12,17,17,17,12,10,76,0.0,1019,20,10,268,7,"Portugal,+Ilha+do+Faial"
2021-10-30,21,16,0.0,10.9,5,30,01:22 AM,03:26 PM,07:24 AM,06:18 PM,14,18,18,18,18,23,80,0.0,1018,21,10,260,9,"Portugal,+Ilha+do+Faial"
2021-10-31,23,16,0.0,10.9,5,26,02:24 AM,03:59 PM,07:25 AM,06:17 PM,15,18,18,18,12,12,82,0.0,1021,23,10,279,6,"Portugal,+Ilha+do+Faial"
2021-11-01,20,15,0.0,10.9,5,8,03:28 AM,04:30 PM,07:26 AM,06:16 PM,13,17,17,17,9,20,79,0.0,1023,20,10,328,5,"Portugal,+Ilha+do+Faial"
2021-11-02,19,15,0.0,10.1,4,1,04:32 AM,05:02 PM,07:26 AM,06:15 PM,12,17,16,17,7,27,78,0.0,1021,19,10,294,4,"Portugal,+Ilha+do+Faial"
2021-11-03,19,15,0.0,7.0,4,0,05:40 AM,05:35 PM,07:27 AM,06:14 PM,13,16,16,16,20,65,82,0.5,1020,19,10,180,10,"Portugal,+Ilha+do+Faial"
2021-11-04,15,12,0.0,10.1,3,0,06:49 AM,06:10 PM,07:28 AM,06:14 PM,9,12,14,12,29,43,74,0.0,1021,15,10,26,15,"Portugal,+Ilha+do+Faial"
2021-11-05,17,12,0.0,10.1,3,0,08:02 AM,06:51 PM,07:29 AM,06:13 PM,9,13,14,13,27,39,70,0.0,1023,17,10,48,15,"Portugal,+Ilha+do+Faial"
2021-11-06,16,13,0.0,10.8,4,6,09:17 AM,07:38 PM,07:30 AM,06:12 PM,9,13,14,13,30,36,75,0.0,1023,16,10,49,16,"Portugal,+Ilha+do+Faial"
2021-11-07,17,12,0.0,10.8,4,14,10:30 AM,08:33 PM,07:31 AM,06:11 PM,9,14,14,14,26,6,71,0.0,1024,17,10,59,15,"Portugal,+Ilha+do+Faial"
2021-11-08,19,14,0.0,10.8,5,22,11:40 AM,09:35 PM,07:32 AM,06:10 PM,11,16,16,16,18,4,72,0.0,1024,19,10,52,13,"Portugal,+Ilha+do+Faial"
2021-11-09,17,15,0.0,10.8,5,29,12:41 PM,10:41 PM,07:33 AM,06:10 PM,12,16,16,16,13,16,77,0.0,1022,17,10,32,9,"Portugal,+Ilha+do+Faial"
2021-11-10,17,15,0.0,10.8,5,37,01:32 PM,11:49 PM,07:33 AM,06:09 PM,12,16,16,16,17,28,78,0.0,1019,17,10,22,10,"Portugal,+Ilha+do+Faial"
2021-11-11,17,15,0.0,10.7,4,44,02:15 PM,No moonset,07:34 AM,06:08 PM,13,17,17,17,15,32,77,0.2,1020,17,10,47,11,"Portugal,+Ilha+do+Faial"
